0:
- cam_R_m2c: [-0.73626408, -0.65149170, -0.18295656, -0.48421937, 0.31836013, 0.81497092, -0.47270130, 0.68862571, -0.54986261]
  cam_t_m2c: [-98.22260090, -39.52147847, 778.65520052]
  obj_bb: [207, 163, 54, 82]
  obj_id: 1
- cam_R_m2c: [0.55546842, 0.73368094, 0.39136485, 0.00413621, -0.47308398, 0.88100716, 0.83152756, -0.48775345, -0.26581811]
  cam_t_m2c: [-17.73913995, 57.83487664, 735.16006676]
  obj_bb: [324, 296, 61, 92]
  obj_id: 1
- cam_R_m2c: [-0.77986477, -0.34591201, -0.52168491, -0.03145897, 0.85403850, -0.51925693, 0.62515690, -0.38853892, -0.67691739]
  cam_t_m2c: [27.07457021, 61.93386773, 742.61679858]
  obj_bb: [373, 305, 68, 66]
  obj_id: 1
- cam_R_m2c: [-0.93354548, 0.32406379, 0.15321498, 0.24497655, 0.26475107, 0.93268030, 0.26168436, 0.90823461, -0.32654551]
  cam_t_m2c: [43.06942133, -33.71145887, 781.22889865]
  obj_bb: [411, 167, 51, 86]
  obj_id: 1
- cam_R_m2c: [-0.21494523, 0.24710184, -0.94484844, 0.75424890, -0.57258545, -0.32133111, -0.62040864, -0.78172039, -0.06330189]
  cam_t_m2c: [-51.07145818, 34.61793843, 759.61652023]
  obj_bb: [255, 270, 90, 56]
  obj_id: 1
- cam_R_m2c: [-0.26571341, 0.85419791, -0.44692466, -0.69253646, 0.15337872, 0.70488822, 0.67066349, 0.49681047, 0.55080906]
  cam_t_m2c: [-95.20083292, 41.32919368, 738.64694808]
  obj_bb: [200, 279, 60, 79]
  obj_id: 1
- cam_R_m2c: [-0.80534353, -0.59130529, -0.04218048, 0.12439160, -0.09899115, -0.98728246, 0.57961049, -0.80034937, 0.15327541]
  cam_t_m2c: [-31.33038641, -32.23455111, 777.36093032]
  obj_bb: [306, 165, 48, 88]
  obj_id: 1
- cam_R_m2c: [-0.81171257, 0.39224658, -0.43274088, 0.31333013, 0.91772938, 0.24412330, 0.49289610, 0.06256734, -0.86783613]
  cam_t_m2c: [80.00694493, -40.43082852, 770.46836599]
  obj_bb: [445, 169, 69, 65]
  obj_id: 2
- cam_R_m2c: [-0.52397086, 0.68522211, 0.50588984, -0.61677150, -0.71487165, 0.32947022, 0.58740720, -0.13938582, 0.79719832]
  cam_t_m2c: [76.79520624, 3.58384824, 753.94658089]
  obj_bb: [453, 231, 72, 68]
  obj_id: 2
- cam_R_m2c: [-0.19671539, 0.20556240, -0.95866913, 0.85872354, -0.43575797, -0.26964430, -0.47317694, -0.87627594, -0.09080111]
  cam_t_m2c: [-54.85672660, 70.05691108, 746.84984851]
  obj_bb: [246, 317, 95, 68]
  obj_id: 2
- cam_R_m2c: [-0.46842658, 0.77410480, 0.42583757, -0.35737509, 0.27478059, -0.89262414, -0.80799748, -0.57031322, 0.14793136]
  cam_t_m2c: [21.22412249, 21.80768900, 761.25971827]
  obj_bb: [375, 237, 71, 93]
  obj_id: 2
- cam_R_m2c: [0.02891424, 0.99751424, -0.06425456, -0.94282387, 0.04856865, 0.32973235, 0.33203379, 0.05104686, 0.94188564]
  cam_t_m2c: [-63.63704662, -20.75854264, 762.46846705]
  obj_bb: [254, 197, 61, 68]
  obj_id: 2
- cam_R_m2c: [-0.12540437, 0.98891606, -0.07948647, 0.85355734, 0.06670784, -0.51670989, -0.50568086, -0.13264406, -0.85246302]
  cam_t_m2c: [-30.72254384, -4.69368237, 744.94192284]
  obj_bb: [290, 200, 72, 80]
  obj_id: 3
- cam_R_m2c: [-0.11082919, 0.99326234, -0.03385481, -0.89883297, -0.11471076, -0.42301291, -0.42404684, -0.01645235, 0.90549124]
  cam_t_m2c: [-67.87429203, -58.28221502, 764.98304872]
  obj_bb: [247, 130, 66, 70]
  obj_id: 3
- cam_R_m2c: [-0.46139669, 0.72150305, 0.51628072, 0.40808478, 0.68930513, -0.59860207, -0.78776905, -0.06550672, -0.61247823]
  cam_t_m2c: [0.25036018, 14.91533230, 728.83372926]
  obj_bb: [338, 224, 85, 92]
  obj_id: 4
- cam_R_m2c: [-0.00607877, 0.31326930, 0.94964453, -0.81834482, -0.54733441, 0.17531677, 0.57469510, -0.77607188, 0.25968976]
  cam_t_m2c: [-1.59895927, -36.71524242, 755.02559414]
  obj_bb: [316, 175, 107, 63]
  obj_id: 4
- cam_R_m2c: [0.24429432, 0.01690588, -0.96955341, -0.46803068, 0.87773287, -0.10262299, 0.84927490, 0.47885155, 0.22233785]
  cam_t_m2c: [-89.19988790, 4.20885927, 744.98963063]
  obj_bb: [187, 228, 115, 61]
  obj_id: 4
- cam_R_m2c: [-0.25983701, 0.62258236, -0.73815667, 0.38997768, -0.63164948, -0.67002651, -0.88340395, -0.46196286, -0.07866746]
  cam_t_m2c: [69.22686626, 51.03343414, 750.77285247]
  obj_bb: [422, 278, 98, 93]
  obj_id: 4
1:
- cam_R_m2c: [-0.70482114, -0.65854819, -0.26370702, -0.54468352, 0.26423810, 0.79592639, -0.45447420, 0.70462196, -0.54494067]
  cam_t_m2c: [-93.67298308, -46.78489122, 780.93038535]
  obj_bb: [211, 154, 56, 80]
  obj_id: 1
- cam_R_m2c: [0.57354618, 0.75826977, 0.30995433, 0.05185432, -0.41122306, 0.91005903, 0.81753014, -0.50588787, -0.27517480]
  cam_t_m2c: [-22.67506237, 56.85697202, 735.48434346]
  obj_bb: [318, 294, 57, 92]
  obj_id: 1
- cam_R_m2c: [-0.75886915, -0.42531887, -0.49317485, -0.09516784, 0.82157800, -0.56209732, 0.64425160, -0.37962380, -0.66394644]
  cam_t_m2c: [21.81194419, 64.68630594, 741.83114929]
  obj_bb: [366, 308, 67, 69]
  obj_id: 1
- cam_R_m2c: [-0.94396115, 0.32320485, 0.06690238, 0.16686356, 0.29243362, 0.94161555, 0.28476981, 0.90001146, -0.32997692]
  cam_t_m2c: [46.66471553, -29.22620166, 780.00907501]
  obj_bb: [415, 173, 50, 87]
  obj_id: 1
- cam_R_m2c: [-0.29225882, 0.27456128, -0.91607906, 0.73262599, -0.55141681, -0.39899796, -0.61469046, -0.78775334, -0.03999441]
  cam_t_m2c: [-53.34431033, 30.98897227, 760.75154321]
  obj_bb: [252, 262, 89, 61]
  obj_id: 1
- cam_R_m2c: [-0.19048253, 0.85045705, -0.49034597, -0.71105887, 0.22485433, 0.66621058, 0.67683944, 0.47556612, 0.56189365]
  cam_t_m2c: [-98.38334396, 33.96521779, 740.88211707]
  obj_bb: [194, 269, 63, 77]
  obj_id: 1
- cam_R_m2c: [-0.79835507, -0.60057853, 0.04398365, 0.05793880, -0.14930806, -0.98709215, 0.59939288, -0.78550120, 0.15399762]
  cam_t_m2c: [-27.67237505, -33.95600007, 777.98349696]
  obj_bb: [313, 163, 48, 88]
  obj_id: 1
- cam_R_m2c: [-0.82257510, 0.31587876, -0.47285385, 0.24553616, 0.94731281, 0.20569674, 0.51291520, 0.05309824, -0.85679508]
  cam_t_m2c: [83.75667852, -32.86593303, 768.33607334]
  obj_bb: [449, 179, 71, 65]
  obj_id: 2
- cam_R_m2c: [-0.45612846, 0.73872788, 0.49621356, -0.65720858, -0.65558442, 0.37186916, 0.60001953, -0.15649540, 0.78452851]
  cam_t_m2c: [76.48374048, 10.69899166, 751.91105559]
  obj_bb: [453, 241, 72, 69]
  obj_id: 2
- cam_R_m2c: [-0.27916507, 0.21945012, -0.93483071, 0.83851823, -0.41869185, -0.34869046, -0.46792595, -0.88121408, -0.06712888]
  cam_t_m2c: [-60.38174290, 65.96692158, 748.09229329]
  obj_bb: [237, 309, 96, 69]
  obj_id: 2
- cam_R_m2c: [-0.45683445, 0.73422034, 0.50221781, -0.39657710, 0.33726260, -0.85380400, -0.79625902, -0.58921464, 0.13710187]
  cam_t_m2c: [19.78545343, 24.24562118, 760.60194689]
  obj_bb: [370, 240, 76, 92]
  obj_id: 2
- cam_R_m2c: [0.11551875, 0.99095934, -0.06822718, -0.93654966, 0.13154605, 0.32491706, 0.33095447, 0.02636429, 0.94327795]
  cam_t_m2c: [-61.18021055, -25.23632823, 763.89812209]
  obj_bb: [258, 191, 60, 68]
  obj_id: 2
- cam_R_m2c: [-0.20849548, 0.97634966, -0.05719203, 0.83924950, 0.14857872, -0.52305388, -0.50218571, -0.15705247, -0.85037831]
  cam_t_m2c: [-30.16054094, -6.51799471, 745.56705454]
  obj_bb: [292, 197, 71, 81]
  obj_id: 3
- cam_R_m2c: [-0.04601967, 0.99865578, 0.02384896, -0.90569536, -0.03164067, -0.42274757, -0.42142434, -0.04105438, 0.90593339]
  cam_t_m2c: [-62.21437052, -62.97799241, 766.50634163]
  obj_bb: [256, 124, 67, 70]
  obj_id: 3
- cam_R_m2c: [-0.51308027, 0.65975355, 0.54906634, 0.36684561, 0.74686804, -0.55462884, -0.77599801, -0.08314641, -0.62523035]
  cam_t_m2c: [-1.33528972, 15.57305211, 728.70292602]
  obj_bb: [334, 227, 88, 88]
  obj_id: 4
- cam_R_m2c: [0.07627993, 0.33851514, 0.93786397, -0.81498374, -0.52073415, 0.25424036, 0.57444168, -0.78373665, 0.23616276]
  cam_t_m2c: [1.76862795, -35.98546649, 754.91815916]
  obj_bb: [321, 176, 107, 66]
  obj_id: 4
- cam_R_m2c: [0.30330866, -0.04443891, -0.95185555, -0.44455000, 0.87694604, -0.18259699, 0.84283986, 0.47853021, 0.24622968]
  cam_t_m2c: [-89.15712183, -2.51522935, 747.06406230]
  obj_bb: [189, 215, 112, 64]
  obj_id: 4
- cam_R_m2c: [-0.31313455, 0.66143307, -0.68150789, 0.36541310, -0.57844214, -0.72930013, -0.87659556, -0.47740047, -0.06056611]
  cam_t_m2c: [64.91402256, 57.34796282, 748.93874265]
  obj_bb: [417, 286, 94, 97]
  obj_id: 4
2:
- cam_R_m2c: [-0.66795141, -0.66059807, -0.34271160, -0.60254554, 0.20977318, 0.77002148, -0.43678283, 0.72083618, -0.53815896]
  cam_t_m2c: [-88.44976408, -53.65104108, 783.04483340]
  obj_bb: [218, 147, 59, 78]
  obj_id: 1
- cam_R_m2c: [0.58735241, 0.77715351, 0.22594185, 0.10121832, -0.34751507, 0.93219479, 0.80297662, -0.52465726, -0.28277627]
  cam_t_m2c: [-27.50594227, 55.46321210, 735.84731980]
  obj_bb: [311, 292, 55, 93]
  obj_id: 1
- cam_R_m2c: [-0.73202541, -0.50174250, -0.46086159, -0.15687501, 0.78242851, -0.60265650, 0.66296964, -0.36886247, -0.65146823]
  cam_t_m2c: [16.31583514, 66.99195722, 741.08320670]
  obj_bb: [360, 312, 65, 71]
  obj_id: 1
- cam_R_m2c: [-0.94722859, 0.31992310, -0.02018297, 0.08805722, 0.32022623, 0.94323914, 0.30822704, 0.89168573, -0.33149927]
  cam_t_m2c: [49.86513894, -24.43997513, 778.62522861]
  obj_bb: [420, 180, 48, 87]
  obj_id: 1
- cam_R_m2c: [-0.36760232, 0.29998640, -0.88027089, 0.70441666, -0.52817367, -0.47416108, -0.60717802, -0.79438001, -0.01715744]
  cam_t_m2c: [-55.27049758, 27.17672084, 761.87022539]
  obj_bb: [250, 256, 88, 65]
  obj_id: 1
- cam_R_m2c: [-0.11355981, 0.84026528, -0.53014958, -0.72309828, 0.29603454, 0.62409248, 0.68134605, 0.45422200, 0.57397653]
  cam_t_m2c: [-100.88059654, 26.34218573, 743.13018520]
  obj_bb: [191, 260, 66, 75]
  obj_id: 1
- cam_R_m2c: [-0.78526131, -0.60534804, 0.13007145, -0.00769095, -0.20052308, -0.97965828, 0.61911650, -0.77028806, 0.15280763]
  cam_t_m2c: [-23.84465230, -35.36314254, 778.45369414]
  obj_bb: [319, 162, 51, 88]
  obj_id: 1
- cam_R_m2c: [-0.82720385, 0.23689112, -0.50952579, 0.17705301, 0.97048144, 0.16375896, 0.53327827, 0.04524867, -0.84472833]
  cam_t_m2c: [86.82989633, -24.99426889, 766.03078412]
  obj_bb: [454, 191, 72, 64]
  obj_id: 2
- cam_R_m2c: [-0.38460154, 0.78677464, 0.48277062, -0.69176906, -0.59194267, 0.41359212, 0.61117652, -0.17489738, 0.77192829]
  cam_t_m2c: [75.53849574, 17.77785776, 749.79423030]
  obj_bb: [454, 252, 71, 71]
  obj_id: 2
- cam_R_m2c: [-0.35975357, 0.23167881, -0.90382656, 0.81133089, -0.40070347, -0.42565000, -0.46078078, -0.88643136, -0.04381357]
  cam_t_m2c: [-65.51663904, 61.41919971, 749.39200129]
  obj_bb: [231, 301, 95, 72]
  obj_id: 2
- cam_R_m2c: [-0.44176953, 0.68862181, 0.57501291, -0.43495021, 0.39617834, -0.80861612, -0.78463822, -0.60732403, 0.12449696]
  cam_t_m2c: [18.14057435, 26.56160247, 759.89684010]
  obj_bb: [366, 245, 81, 91]
  obj_id: 2
- cam_R_m2c: [0.20151169, 0.97686148, -0.07165776, -0.92296018, 0.21386690, 0.32000697, 0.32792800, 0.00165209, 0.94470080]
  cam_t_m2c: [-58.30326505, -29.49989752, 765.20863434]
  obj_bb: [263, 186, 60, 68]
  obj_id: 2
- cam_R_m2c: [-0.29026520, 0.95632673, -0.03443022, 0.81788944, 0.22924694, -0.52773260, -0.49679203, -0.18134255, -0.84871177]
  cam_t_m2c: [-29.42020484, -8.29471726, 746.11063739]
  obj_bb: [295, 195, 71, 82]
  obj_id: 3
- cam_R_m2c: [0.01931284, 0.99648019, 0.08157448, -0.90723115, 0.05175551, -0.41743503, -0.42018737, -0.06594502, 0.90503754]
  cam_t_m2c: [-56.11702614, -67.19073059, 767.84009595]
  obj_bb: [267, 119, 67, 70]
  obj_id: 3
- cam_R_m2c: [-0.56104813, 0.59281062, 0.57775489, 0.32115121, 0.79916668, -0.50812746, -0.76294592, -0.09953751, -0.63875262]
  cam_t_m2c: [-2.96840304, 16.09118727, 728.53399710]
  obj_bb: [332, 231, 89, 83]
  obj_id: 4
- cam_R_m2c: [0.15832179, 0.36123472, 0.91893625, -0.80459888, -0.49225107, 0.33212728, 0.57232351, -0.79195788, 0.21271491]
  cam_t_m2c: [5.08064880, -34.97470771, 754.66131085]
  obj_bb: [328, 178, 106, 69]
  obj_id: 4
- cam_R_m2c: [0.36022413, -0.10560750, -0.92686881, -0.41596005, 0.87114694, -0.26091998, 0.83499417, 0.47952978, 0.26987969]
  cam_t_m2c: [-88.48949593, -9.22800789, 749.07847150]
  obj_bb: [193, 204, 109, 66]
  obj_id: 4
- cam_R_m2c: [-0.36424316, 0.69535676, -0.61952082, 0.33621062, -0.52217601, -0.78376886, -0.86849799, -0.49377172, -0.04358706]
  cam_t_m2c: [60.04344637, 63.29194804, 747.11348149]
  obj_bb: [412, 295, 91, 101]
  obj_id: 4
3:
- cam_R_m2c: [-0.62602156, -0.65772450, -0.41892255, -0.65690102, 0.15530742, 0.73780833, -0.42021229, 0.73707401, -0.52928568]
  cam_t_m2c: [-82.63831401, -60.03229994, 785.00067839]
  obj_bb: [225, 140, 63, 75]
  obj_id: 1
- cam_R_m2c: [0.59658229, 0.79017827, 0.14038693, 0.15126686, -0.28250163, 0.94726535, 0.78816747, -0.54388534, -0.28806348]
  cam_t_m2c: [-32.18863908, 53.69489500, 736.33186605]
  obj_bb: [304, 289, 53, 93]
  obj_id: 1
- cam_R_m2c: [-0.69975608, -0.57419168, -0.42502465, -0.21612225, 0.73722821, -0.64014547, 0.68090600, -0.35608851, -0.63997484]
  cam_t_m2c: [10.63600747, 68.84456658, 740.48071579]
  obj_bb: [353, 314, 63, 73]
  obj_id: 1
- cam_R_m2c: [-0.94334565, 0.31410969, -0.10693322, 0.00938143, 0.34739009, 0.93767403, 0.33167980, 0.88354681, -0.33065592]
  cam_t_m2c: [52.60868878, -19.40556495, 777.15468131]
  obj_bb: [421, 187, 50, 87]
  obj_id: 1
- cam_R_m2c: [-0.43996076, 0.32319413, -0.83784289, 0.67023230, -0.50278245, -0.54589280, -0.59768196, -0.80172002, 0.00458962]
  cam_t_m2c: [-56.84587792, 23.24054505, 763.02911686]
  obj_bb: [249, 248, 86, 70]
  obj_id: 1
- cam_R_m2c: [-0.03598497, 0.82366132, -0.56593969, -0.72880781, 0.36584627, 0.57878852, 0.68377252, 0.43328853, 0.58712519]
  cam_t_m2c: [-102.67790099, 18.57433793, 745.42741024]
  obj_bb: [188, 251, 68, 72]
  obj_id: 1
- cam_R_m2c: [-0.76631055, -0.60542339, 0.21501462, -0.07197277, -0.25166632, -0.96513443, 0.63842649, -0.75506730, 0.14928088]
  cam_t_m2c: [-19.91581053, -36.43303307, 778.81107529]
  obj_bb: [325, 160, 52, 88]
  obj_id: 1
- cam_R_m2c: [-0.82561820, 0.15622911, -0.54216942, 0.10847769, 0.98692702, 0.11919784, 0.55370339, 0.03959817, -0.83177180]
  cam_t_m2c: [89.16768527, -16.90065982, 763.64592121]
  obj_bb: [457, 202, 73, 64]
  obj_id: 2
- cam_R_m2c: [-0.31034959, 0.82879884, 0.46559235, -0.72030002, -0.52464195, 0.45378319, 0.62036416, -0.19453438, 0.75980555]
  cam_t_m2c: [73.95196846, 24.75231139, 747.70568387]
  obj_bb: [452, 261, 71, 73]
  obj_id: 2
- cam_R_m2c: [-0.43742624, 0.24224092, -0.86601284, 0.77769454, -0.38161471, -0.49956170, -0.45149758, -0.89201410, -0.02146094]
  cam_t_m2c: [-70.21628544, 56.48746468, 750.81792132]
  obj_bb: [224, 292, 95, 77]
  obj_id: 2
- cam_R_m2c: [-0.42328125, 0.63795026, 0.64331413, -0.47167359, 0.45107753, -0.75766323, -0.77353530, -0.62413870, 0.10997190]
  cam_t_m2c: [16.28957196, 28.74107745, 759.23294799]
  obj_bb: [361, 249, 85, 88]
  obj_id: 2
- cam_R_m2c: [0.28579662, 0.95537808, -0.07465676, -0.90236259, 0.29452449, 0.31463878, 0.32258743, -0.02255532, 0.94627078]
  cam_t_m2c: [-55.06069646, -33.48556234, 766.42740154]
  obj_bb: [268, 181, 60, 67]
  obj_id: 2
- cam_R_m2c: [-0.36963968, 0.92910633, -0.01133865, 0.78995510, 0.30780754, -0.53030740, -0.48922188, -0.20497966, -0.84772937]
  cam_t_m2c: [-28.52745451, -9.98211017, 746.62334498]
  obj_bb: [297, 193, 71, 81]
  obj_id: 3
- cam_R_m2c: [0.08444543, 0.98675940, 0.13847553, -0.90322920, 0.13448900, -0.40754165, -0.42076832, -0.09066009, 0.90262648]
  cam_t_m2c: [-49.67617370, -70.85833105, 768.99416721]
  obj_bb: [277, 115, 67, 70]
  obj_id: 3
- cam_R_m2c: [-0.60458884, 0.52149269, 0.60209495, 0.27189795, 0.84560276, -0.45937778, -0.74869495, -0.11402658, -0.65303415]
  cam_t_m2c: [-4.64367932, 16.49117666, 728.40136803]
  obj_bb: [328, 233, 91, 79]
  obj_id: 4
- cam_R_m2c: [0.23895919, 0.38127650, 0.89304387, -0.78756796, -0.46187679, 0.40793016, 0.56801040, -0.80081067, 0.18991117]
  cam_t_m2c: [8.27822125, -33.67891981, 754.30773456]
  obj_bb: [333, 177, 106, 74]
  obj_id: 4
- cam_R_m2c: [0.41421198, -0.16593587, -0.89492700, -0.38298011, 0.86018767, -0.33675494, 0.82568453, 0.48222648, 0.29274984]
  cam_t_m2c: [-87.22174893, -15.82880693, 751.05707029]
  obj_bb: [197, 192, 106, 69]
  obj_id: 4
- cam_R_m2c: [-0.41239892, 0.72401364, -0.55293038, 0.30311234, -0.46331474, -0.83274416, -0.85909851, -0.51102226, -0.02838660]
  cam_t_m2c: [54.65577765, 68.81205552, 745.42217348]
  obj_bb: [406, 302, 86, 104]
  obj_id: 4
4:
- cam_R_m2c: [-0.57940273, -0.64970102, -0.49211825, -0.70770474, 0.10153913, 0.69917344, -0.40428476, 0.75337806, -0.51862845]
  cam_t_m2c: [-76.31107527, -65.93733028, 786.88836201]
  obj_bb: [233, 133, 67, 74]
  obj_id: 1
- cam_R_m2c: [0.60145915, 0.79709979, 0.05364818, 0.20217471, -0.21683136, 0.95504411, 0.77289841, -0.56357433, -0.29156846]
  cam_t_m2c: [-36.75575472, 51.49354162, 736.95798274]
  obj_bb: [298, 286, 51, 92]
  obj_id: 1
- cam_R_m2c: [-0.66201021, -0.64240798, -0.38607484, -0.27222210, 0.68602820, -0.67472967, 0.69831043, -0.34157960, -0.62903582]
  cam_t_m2c: [4.74701131, 70.16903949, 740.02706560]
  obj_bb: [347, 314, 60, 76]
  obj_id: 1
- cam_R_m2c: [-0.93223107, 0.30609701, -0.19300044, -0.06856437, 0.37427627, 0.92477884, 0.35530795, 0.87534106, -0.32792442]
  cam_t_m2c: [54.83800927, -14.19571443, 775.63940636]
  obj_bb: [423, 195, 52, 86]
  obj_id: 1
- cam_R_m2c: [-0.50915630, 0.34379414, -0.78902773, 0.62993099, -0.47582843, -0.61381915, -0.58646922, -0.80956363, 0.02570447]
  cam_t_m2c: [-58.11080748, 19.14780592, 764.26920207]
  obj_bb: [249, 241, 84, 74]
  obj_id: 1
- cam_R_m2c: [0.04206041, 0.80088834, -0.59733415, -0.72778798, 0.43416604, 0.53087118, 0.68451086, 0.41240413, 0.60113880]
  cam_t_m2c: [-103.82086405, 10.63944536, 747.82647176]
  obj_bb: [187, 241, 70, 70]
  obj_id: 1
- cam_R_m2c: [-0.74139614, -0.60106547, 0.29841476, -0.13421425, -0.30288974, -0.94352745, 0.65750906, -0.73957949, 0.14388940]
  cam_t_m2c: [-15.94971458, -37.20549387, 779.12107898]
  obj_bb: [332, 159, 54, 87]
  obj_id: 1
- cam_R_m2c: [-0.81764851, 0.07433611, -0.57089785, 0.04048071, 0.99659788, 0.07178912, 0.57429268, 0.03558827, -0.81787624]
  cam_t_m2c: [90.71067556, -8.68145780, 761.21495936]
  obj_bb: [460, 214, 75, 62]
  obj_id: 2
- cam_R_m2c: [-0.23356085, 0.86452051, 0.44503137, -0.74231652, -0.45415249, 0.49265748, 0.62802476, -0.21528915, 0.74782059]
  cam_t_m2c: [71.68008620, 31.52362985, 745.65975981]
  obj_bb: [451, 269, 70, 75]
  obj_id: 2
- cam_R_m2c: [-0.51192766, 0.25078190, -0.82160685, 0.73754687, -0.36202604, -0.57005391, -0.44040212, -0.89780063, 0.00036775]
  cam_t_m2c: [-74.50871122, 51.13800913, 752.39600712]
  obj_bb: [219, 282, 93, 82]
  obj_id: 2
- cam_R_m2c: [-0.40173338, 0.58227095, 0.70680276, -0.50698852, 0.50133030, -0.70116352, -0.76260929, -0.64002201, 0.09380318]
  cam_t_m2c: [14.19305307, 30.71708541, 758.63384059]
  obj_bb: [357, 252, 88, 86]
  obj_id: 2
- cam_R_m2c: [0.36803787, 0.92662582, -0.07688971, -0.87469888, 0.37308439, 0.30936969, 0.31535606, -0.04660456, 0.94782842]
  cam_t_m2c: [-51.51727947, -37.22457593, 767.62533687]
  obj_bb: [274, 176, 60, 67]
  obj_id: 2
- cam_R_m2c: [-0.44636646, 0.89477372, 0.01167385, 0.75533329, 0.38373619, -0.53124180, -0.47982076, -0.22831111, -0.84714002]
  cam_t_m2c: [-27.54098672, -11.63422671, 747.15840287]
  obj_bb: [300, 191, 71, 81]
  obj_id: 3
- cam_R_m2c: [0.14889115, 0.96952497, 0.19455607, -0.89395602, 0.21607450, -0.39262469, -0.42269865, -0.11546648, 0.89888458]
  cam_t_m2c: [-42.97264788, -74.01280383, 770.05834989]
  obj_bb: [288, 111, 68, 69]
  obj_id: 3
- cam_R_m2c: [-0.64373030, 0.44614556, 0.62174331, 0.21893446, 0.88587922, -0.40900539, -0.73326559, -0.12716801, -0.66794463]
  cam_t_m2c: [-6.41207297, 16.69819735, 728.33950518]
  obj_bb: [326, 235, 92, 75]
  obj_id: 4
- cam_R_m2c: [0.31795817, 0.39826788, 0.86039793, -0.76367655, -0.43022188, 0.48135950, 0.56187200, -0.81011863, 0.16735531]
  cam_t_m2c: [11.29339539, -32.16396422, 753.91596769]
  obj_bb: [340, 175, 104, 80]
  obj_id: 4
- cam_R_m2c: [0.46526860, -0.22494268, -0.85611052, -0.34533164, 0.84440496, -0.40954368, 0.81502804, 0.48619050, 0.31519556]
  cam_t_m2c: [-85.41369894, -22.34335703, 753.06781619]
  obj_bb: [201, 181, 104, 73]
  obj_id: 4
- cam_R_m2c: [-0.45764041, 0.74708679, -0.48210568, 0.26582078, -0.40245864, -0.87599432, -0.84847165, -0.52904476, -0.01441004]
  cam_t_m2c: [48.72615240, 73.81656553, 743.85946484]
  obj_bb: [400, 309, 81, 107]
  obj_id: 4
5:
- cam_R_m2c: [-0.52802198, -0.63716702, -0.56143699, -0.75439431, 0.04833625, 0.65463917, -0.38997670, 0.76920863, -0.50619754]
  cam_t_m2c: [-69.38682752, -71.26609728, 788.54110427]
  obj_bb: [241, 128, 71, 71]
  obj_id: 1
- cam_R_m2c: [0.60131009, 0.79831209, -0.03353369, 0.25317150, -0.15055360, 0.95563456, 0.75784582, -0.58312243, -0.29263908]
  cam_t_m2c: [-41.02317809, 48.96394376, 737.66953563]
  obj_bb: [289, 282, 52, 92]
  obj_id: 1
- cam_R_m2c: [-0.61955543, -0.70569805, -0.34371769, -0.32525032, 0.62932032, -0.70581001, 0.71439713, -0.32549392, -0.61942726]
  cam_t_m2c: [-1.16301981, 71.04683879, 739.71609298]
  obj_bb: [339, 315, 58, 78]
  obj_id: 1
- cam_R_m2c: [-0.91421115, 0.29521267, -0.27761121, -0.14552600, 0.40019210, 0.90480279, 0.37820703, 0.86758027, -0.32289875]
  cam_t_m2c: [56.66356726, -8.77125101, 774.06609444]
  obj_bb: [424, 203, 53, 86]
  obj_id: 1
- cam_R_m2c: [-0.57429501, 0.36231334, -0.73410818, 0.58408732, -0.44697662, -0.67753488, -0.57360886, -0.81788808, 0.04507377]
  cam_t_m2c: [-58.92197381, 14.99908017, 765.49414318]
  obj_bb: [249, 234, 81, 77]
  obj_id: 1
- cam_R_m2c: [0.11956469, 0.77172143, -0.62462056, -0.72043522, 0.50032913, 0.48025354, 0.68313755, 0.39257720, 0.61579697]
  cam_t_m2c: [-104.15222740, 2.67102957, 750.18366706]
  obj_bb: [186, 231, 72, 67]
  obj_id: 1
- cam_R_m2c: [-0.71117556, -0.59168225, 0.37966032, -0.19443366, -0.35343846, -0.91502810, 0.67559232, -0.72456420, 0.13631367]
  cam_t_m2c: [-11.84681216, -37.60718105, 779.29067058]
  obj_bb: [337, 158, 57, 87]
  obj_id: 1
- cam_R_m2c: [-0.80378375, -0.00834147, -0.59486354, -0.02687663, 0.99938975, 0.02230216, 0.59431442, 0.03391416, -0.80351719]
  cam_t_m2c: [91.58400824, -0.30695548, 758.76120751]
  obj_bb: [461, 225, 76, 62]
  obj_id: 2
- cam_R_m2c: [-0.15518589, 0.89388124, 0.42058791, -0.75804357, -0.38075437, 0.52952400, 0.63347202, -0.23664938, 0.73668850]
  cam_t_m2c: [68.88339967, 38.13842137, 743.68762409]
  obj_bb: [447, 278, 69, 76]
  obj_id: 2
- cam_R_m2c: [-0.58245141, 0.25797329, -0.77084412, 0.69137155, -0.34150872, -0.63669206, -0.42749930, -0.90378175, 0.02055682]
  cam_t_m2c: [-78.22284801, 45.48518056, 754.03501213]
  obj_bb: [214, 273, 92, 85]
  obj_id: 2
- cam_R_m2c: [-0.37662115, 0.52241108, 0.76501222, -0.54021601, 0.54700660, -0.63949203, -0.75254432, -0.65411790, 0.07620041]
  cam_t_m2c: [12.00167155, 32.55709400, 758.07711977]
  obj_bb: [352, 256, 90, 83]
  obj_id: 2
- cam_R_m2c: [0.44748951, 0.89078347, -0.07911050, -0.84030011, 0.44909658, 0.30365705, 0.30602072, -0.06940678, 0.94949129]
  cam_t_m2c: [-47.56064661, -40.61904082, 768.67669466]
  obj_bb: [279, 171, 60, 67]
  obj_id: 2
- cam_R_m2c: [-0.51959606, 0.85368860, 0.03516020, 0.71449785, 0.45670683, -0.53001066, -0.46852172, -0.25026952, -0.84726162]
  cam_t_m2c: [-26.31760907, -13.15403646, 747.62839014]
  obj_bb: [303, 188, 71, 82]
  obj_id: 3
- cam_R_m2c: [0.21261299, 0.94494318, 0.24875415, -0.87919164, 0.29608909, -0.37330005, -0.42640076, -0.13933413, 0.89373826]
  cam_t_m2c: [-35.91472419, -76.56025367, 770.89161401]
  obj_bb: [298, 108, 69, 69]
  obj_id: 3
- cam_R_m2c: [-0.67763080, 0.36729885, 0.63710955, 0.16300892, 0.91980934, -0.35690122, -0.71710849, -0.13799260, -0.68316407]
  cam_t_m2c: [-8.09966832, 16.80871638, 728.29840275]
  obj_bb: [322, 237, 94, 72]
  obj_id: 4
- cam_R_m2c: [0.39439309, 0.41275571, 0.82102822, -0.73338327, -0.39698017, 0.55186532, 0.55371723, -0.81978013, 0.14614187]
  cam_t_m2c: [14.25093630, -30.35520634, 753.42141508]
  obj_bb: [346, 174, 103, 86]
  obj_id: 4
- cam_R_m2c: [0.51242161, -0.28267199, -0.81087679, -0.30371716, 0.82358100, -0.47903010, 0.80323084, 0.49174259, 0.33616829]
  cam_t_m2c: [-82.93007408, -28.64889614, 754.96318558]
  obj_bb: [206, 170, 101, 79]
  obj_id: 4
- cam_R_m2c: [-0.49900225, 0.76484952, -0.40743404, 0.22505833, -0.33964427, -0.91323060, -0.83686636, -0.54740053, -0.00265258]
  cam_t_m2c: [42.43856644, 78.36261900, 742.46198692]
  obj_bb: [394, 316, 74, 108]
  obj_id: 4
6:
- cam_R_m2c: [-0.47274354, -0.61969572, -0.62649001, -0.79667452, -0.00327097, 0.60439890, -0.37659342, 0.78483511, -0.49215034]
  cam_t_m2c: [-62.02774910, -76.01459650, 790.04189154]
  obj_bb: [252, 125, 73, 68]
  obj_id: 1
- cam_R_m2c: [0.59670453, 0.79337533, -0.12040868, 0.30413093, -0.08473443, 0.94885376, 0.74259570, -0.60280585, -0.29185176]
  cam_t_m2c: [-45.06642013, 46.04894035, 738.46210029]
  obj_bb: [282, 279, 54, 92]
  obj_id: 1
- cam_R_m2c: [-0.57233757, -0.76360706, -0.29888614, -0.37420734, 0.56753668, -0.73339620, 0.72965610, -0.30790549, -0.61057096]
  cam_t_m2c: [-7.14951608, 71.38425953, 739.51190477]
  obj_bb: [332, 315, 58, 80]
  obj_id: 1
- cam_R_m2c: [-0.88921262, 0.28222418, -0.36006859, -0.22043565, 0.42534989, 0.87777253, 0.40088393, 0.85989969, -0.31601472]
  cam_t_m2c: [57.97006835, -3.25553158, 772.42238879]
  obj_bb: [425, 212, 55, 86]
  obj_id: 1
- cam_R_m2c: [-0.63508467, 0.37794186, -0.67366636, 0.53287072, -0.41701389, -0.73630647, -0.55921025, -0.82659505, 0.06344472]
  cam_t_m2c: [-59.37273272, 10.77138571, 766.72887425]
  obj_bb: [251, 228, 77, 80]
  obj_id: 1
- cam_R_m2c: [0.19617598, 0.73678223, -0.64704396, -0.70643045, 0.56382919, 0.42784539, 0.68005210, 0.37315944, 0.63109578]
  cam_t_m2c: [-103.78241665, -5.32053990, 752.55161355]
  obj_bb: [188, 223, 72, 63]
  obj_id: 1
- cam_R_m2c: [-0.67548841, -0.57792086, 0.45795399, -0.25157561, -0.40317109, -0.87986465, 0.69312659, -0.70954967, 0.12694689]
  cam_t_m2c: [-7.74436121, -37.69399760, 779.35612070]
  obj_bb: [340, 159, 63, 86]
  obj_id: 1
- cam_R_m2c: [-0.78374311, -0.09086095, -0.61440213, -0.09250848, 0.99528368, -0.02918186, 0.61415642, 0.03396643, -0.78845348]
  cam_t_m2c: [91.67188149, 8.05807158, 756.25114864]
  obj_bb: [462, 236, 78, 63]
  obj_id: 2
- cam_R_m2c: [-0.07562541, 0.91638685, 0.39308382, -0.76693608, -0.30539026, 0.56439777, 0.63725144, -0.25878735, 0.72590662]
  cam_t_m2c: [65.47545622, 44.44230057, 741.74212762]
  obj_bb: [443, 287, 69, 78]
  obj_id: 2
- cam_R_m2c: [-0.64853709, 0.26306625, -0.71427918, 0.63942522, -0.32080821, -0.69872490, -0.41295834, -0.90987831, 0.03984453]
  cam_t_m2c: [-81.42850313, 39.51571921, 755.74965352]
  obj_bb: [212, 264, 89, 88]
  obj_id: 2
- cam_R_m2c: [-0.34878524, 0.45855358, 0.81735942, -0.57142030, 0.58722099, -0.57327948, -0.74285118, -0.66700786, 0.05721318]
  cam_t_m2c: [9.63247041, 34.16769669, 757.54489638]
  obj_bb: [348, 260, 92, 80]
  obj_id: 2
- cam_R_m2c: [0.52350073, 0.84820469, -0.08059004, -0.79936211, 0.52167974, 0.29810984, 0.29490090, -0.09163982, 0.95112371]
  cam_t_m2c: [-43.33461069, -43.69798204, 769.63549990]
  obj_bb: [286, 168, 60, 66]
  obj_id: 2
- cam_R_m2c: [-0.58886798, 0.80612817, 0.05823084, 0.66762268, 0.52576714, -0.52711278, -0.45553713, -0.27152360, -0.84779807]
  cam_t_m2c: [-24.98625383, -14.60359557, 748.06056791]
  obj_bb: [307, 187, 70, 82]
  obj_id: 3
- cam_R_m2c: [0.27458888, 0.91319123, 0.30113401, -0.85933823, 0.37356813, -0.34926162, -0.43143727, -0.16287242, 0.88731909]
  cam_t_m2c: [-28.67889319, -78.53748253, 771.56484880]
  obj_bb: [309, 107, 70, 69]
  obj_id: 3
- cam_R_m2c: [-0.70645224, 0.28572820, 0.64752111, 0.10432229, 0.94693233, -0.30403130, -0.70003023, -0.14723271, -0.69877101]
  cam_t_m2c: [-9.81729381, 16.73131232, 728.27841331]
  obj_bb: [320, 240, 94, 70]
  obj_id: 4
- cam_R_m2c: [0.46783013, 0.42397387, 0.77548700, -0.69669652, -0.36298843, 0.61875066, 0.54382779, -0.82975029, 0.12556474]
  cam_t_m2c: [17.00730390, -28.34790850, 752.84373357]
  obj_bb: [353, 175, 100, 90]
  obj_id: 4
- cam_R_m2c: [0.55574840, -0.33812028, -0.75948492, -0.25812907, 0.79822291, -0.54425048, 0.79026168, 0.49851209, 0.35633256]
  cam_t_m2c: [-79.90881631, -34.75037834, 756.80555311]
  obj_bb: [213, 161, 97, 83]
  obj_id: 4
- cam_R_m2c: [-0.53665098, 0.77670452, -0.32974955, 0.18078917, -0.27587743, -0.94403704, -0.82420963, -0.56623403, 0.00762991]
  cam_t_m2c: [35.74418072, 82.31761067, 741.16977311]
  obj_bb: [387, 324, 70, 109]
  obj_id: 4
7:
- cam_R_m2c: [-0.41388381, -0.59744725, -0.68684524, -0.83414776, -0.05324816, 0.54896477, -0.36455100, 0.80013818, -0.47632137]
  cam_t_m2c: [-54.29650883, -80.10613576, 791.28836599]
  obj_bb: [261, 121, 77, 65]
  obj_id: 1
- cam_R_m2c: [0.58762292, 0.78236076, -0.20642275, 0.35445611, -0.01956787, 0.93486798, 0.72736536, -0.62251760, -0.28881145]
  cam_t_m2c: [-48.87450678, 42.83467076, 739.28981718]
  obj_bb: [274, 275, 56, 92]
  obj_id: 1
- cam_R_m2c: [-0.52069628, -0.81575927, -0.25181661, -0.41906050, 0.50119334, -0.75709558, 0.74381673, -0.28869105, -0.60282231]
  cam_t_m2c: [-13.18954595, 71.24676211, 739.38589521]
  obj_bb: [324, 315, 57, 81]
  obj_id: 1
- cam_R_m2c: [-0.85741716, 0.26715543, -0.43984452, -0.29297060, 0.44927462, 0.84399095, 0.42308760, 0.85251433, -0.30694756]
  cam_t_m2c: [58.73346376, 2.37059578, 770.65771626]
  obj_bb: [424, 221, 60, 85]
  obj_id: 1
- cam_R_m2c: [-0.69111511, 0.39063838, -0.60807974, 0.47682355, -0.38582773, -0.78979519, -0.54313900, -0.83578631, 0.08038566]
  cam_t_m2c: [-59.47611641, 6.54810941, 767.90939087]
  obj_bb: [253, 221, 73, 83]
  obj_id: 1
- cam_R_m2c: [0.27137804, 0.69626251, -0.66450876, -0.68612737, 0.62413164, 0.37375006, 0.67496966, 0.35451050, 0.64710034]
  cam_t_m2c: [-102.72865385, -13.22290273, 754.85220252]
  obj_bb: [190, 213, 73, 60]
  obj_id: 1
- cam_R_m2c: [-0.63460109, -0.55982027, 0.53280592, -0.30553996, -0.45151237, -0.83832100, 0.70987764, -0.69479346, 0.11548320]
  cam_t_m2c: [-3.68418734, -37.41430272, 779.24088232]
  obj_bb: [343, 160, 67, 84]
  obj_id: 1
- cam_R_m2c: [-0.75769163, -0.17271646, -0.62934238, -0.15622892, 0.98430783, -0.08204151, 0.63363653, 0.03615912, -0.77278577]
  cam_t_m2c: [90.95886705, 16.42088820, 753.64502098]
  obj_bb: [462, 247, 78, 63]
  obj_id: 2
- cam_R_m2c: [0.00458856, 0.93191717, 0.36264136, -0.76918720, -0.22844672, 0.59679421, 0.63900742, -0.28167719, 0.71577096]
  cam_t_m2c: [61.46327156, 50.46159063, 739.79511495]
  obj_bb: [437, 295, 69, 80]
  obj_id: 2
- cam_R_m2c: [-0.70975152, 0.26608966, -0.65226412, 0.58220177, -0.29972059, -0.75578360, -0.39660379, -0.91616818, 0.05780910]
  cam_t_m2c: [-84.12105376, 33.32860835, 757.48486015]
  obj_bb: [209, 255, 86, 90]
  obj_id: 2
- cam_R_m2c: [-0.31834876, 0.39113632, 0.86351946, -0.60013387, 0.62197608, -0.50297642, -0.73382122, -0.67834944, 0.03672932]
  cam_t_m2c: [7.08494289, 35.59897137, 756.99496197]
  obj_bb: [344, 264, 93, 76]
  obj_id: 2
- cam_R_m2c: [0.59558480, 0.79915903, -0.08138189, -0.75226709, 0.59041474, 0.29241210, 0.28173336, -0.11293504, 0.95282348]
  cam_t_m2c: [-38.88117403, -46.38720488, 770.41684865]
  obj_bb: [292, 164, 60, 66]
  obj_id: 2
- cam_R_m2c: [-0.65372653, 0.75240446, 0.08079954, 0.61518580, 0.59058770, -0.52225739, -0.44066862, -0.29170666, -0.84895170]
  cam_t_m2c: [-23.56964855, -15.91056242, 748.38605848]
  obj_bb: [310, 186, 70, 81]
  obj_id: 3
- cam_R_m2c: [0.33446591, 0.87447677, 0.35131517, -0.83437334, 0.44808583, -0.32099906, -0.43812551, -0.18576452, 0.87951019]
  cam_t_m2c: [-21.32579838, -79.87853259, 771.98051566]
  obj_bb: [319, 106, 71, 68]
  obj_id: 3
- cam_R_m2c: [-0.72997218, 0.20194611, 0.65296079, 0.04351068, 0.96714497, -0.25047476, -0.68209083, -0.15442896, -0.71477575]
  cam_t_m2c: [-11.56757467, 16.53747071, 728.22708910]
  obj_bb: [318, 241, 94, 69]
  obj_id: 4
- cam_R_m2c: [0.53778194, 0.43190847, 0.72404770, -0.65406301, -0.32815774, 0.68155283, 0.53197090, -0.84009979, 0.10601835]
  cam_t_m2c: [19.53074428, -26.09368208, 752.11503368]
  obj_bb: [359, 175, 97, 95]
  obj_id: 4
- cam_R_m2c: [0.59493104, -0.39097934, -0.70227604, -0.20915628, 0.76831722, -0.60493179, 0.77608730, 0.50677811, 0.37531992]
  cam_t_m2c: [-76.38372051, -40.54947753, 758.50800813]
  obj_bb: [219, 152, 93, 87]
  obj_id: 4
- cam_R_m2c: [-0.57030135, 0.78261723, -0.24953167, 0.13360539, -0.21135560, -0.96823478, -0.81049783, -0.58552427, 0.01597453]
  cam_t_m2c: [28.67024354, 85.72356136, 739.96607140]
  obj_bb: [380, 327, 67, 112]
  obj_id: 4
8:
- cam_R_m2c: [-0.35163155, -0.57101368, -0.74182153, -0.86653416, -0.10130672, 0.48872741, -0.35422108, 0.81466587, -0.45917993]
  cam_t_m2c: [-46.17969781, -83.56349759, 792.44286722]
  obj_bb: [271, 120, 79, 61]
  obj_id: 1
- cam_R_m2c: [0.57371311, 0.76568324, -0.29083156, 0.40376620, 0.04454692, 0.91377645, 0.71261848, -0.64167379, -0.28359994]
  cam_t_m2c: [-52.32709451, 39.29407790, 740.32860729]
  obj_bb: [267, 271, 57, 92]
  obj_id: 1
- cam_R_m2c: [-0.46539123, -0.86163261, -0.20248652, -0.45954812, 0.43074356, -0.77670747, 0.75645651, -0.26842021, -0.59642552]
  cam_t_m2c: [-19.14812833, 70.58644558, 739.54278420]
  obj_bb: [317, 314, 56, 83]
  obj_id: 1
- cam_R_m2c: [-0.81926740, 0.24962790, -0.51622417, -0.36266774, 0.47175340, 0.80369137, 0.44415474, 0.84565562, -0.29596013]
  cam_t_m2c: [59.02456393, 8.01978259, 769.02511531]
  obj_bb: [422, 231, 65, 83]
  obj_id: 1
- cam_R_m2c: [-0.74169686, 0.40078124, -0.53782963, 0.41634510, -0.35357447, -0.83764004, -0.52587292, -0.84519770, 0.09538227]
  cam_t_m2c: [-59.15269941, 2.30770674, 769.20085422]
  obj_bb: [256, 215, 68, 86]
  obj_id: 1
- cam_R_m2c: [0.34428255, 0.65022995, -0.67725260, -0.65969200, 0.68080724, 0.31828752, 0.66803849, 0.33719672, 0.66334171]
  cam_t_m2c: [-100.91156093, -21.03210407, 757.21684423]
  obj_bb: [193, 205, 73, 57]
  obj_id: 1
- cam_R_m2c: [-0.58918049, -0.53710771, 0.60364079, -0.35600360, -0.49809546, -0.79067144, 0.72534676, -0.68074599, 0.10225576]
  cam_t_m2c: [0.37811332, -36.81982771, 779.14835576]
  obj_bb: [346, 163, 72, 82]
  obj_id: 1
- cam_R_m2c: [-0.72615209, -0.25337409, -0.63914416, -0.21764709, 0.96652236, -0.13587951, 0.65217581, 0.04043852, -0.75698792]
  cam_t_m2c: [89.53493180, 24.67669985, 751.22102721]
  obj_bb: [460, 258, 79, 65]
  obj_id: 2
- cam_R_m2c: [0.08455682, 0.94051546, 0.32906134, -0.76480954, -0.15041843, 0.62645003, 0.63868292, -0.30464026, 0.70659586]
  cam_t_m2c: [56.96713858, 56.10753374, 738.10541907]
  obj_bb: [430, 303, 68, 82]
  obj_id: 2
- cam_R_m2c: [-0.76545215, 0.26753343, -0.58524304, 0.52009887, -0.27833123, -0.80748243, -0.37891968, -0.92247334, 0.07390592]
  cam_t_m2c: [-86.19750834, 26.91569436, 759.38947884]
  obj_bb: [208, 246, 82, 92]
  obj_id: 2
- cam_R_m2c: [-0.28510286, 0.32099006, 0.90315131, -0.62611692, 0.65107157, -0.42904823, -0.72573595, -0.68780145, 0.01535462]
  cam_t_m2c: [4.46042983, 36.79195288, 756.64439296]
  obj_bb: [339, 269, 94, 71]
  obj_id: 2
- cam_R_m2c: [0.66309131, 0.74403243, -0.08201348, -0.69933674, 0.65484296, 0.28654459, 0.26690426, -0.13265072, 0.95454972]
  cam_t_m2c: [-34.15327957, -48.71803820, 771.19721554]
  obj_bb: [299, 162, 60, 65]
  obj_id: 2
- cam_R_m2c: [-0.71348047, 0.69303555, 0.10318859, 0.55755507, 0.65074610, -0.51542296, -0.42435576, -0.31021138, -0.85069992]
  cam_t_m2c: [-21.98806386, -17.11457661, 748.79514919]
  obj_bb: [313, 185, 70, 81]
  obj_id: 3
- cam_R_m2c: [0.39208190, 0.82915603, 0.39846280, -0.80442937, 0.51915071, -0.28874714, -0.44627858, -0.20732318, 0.87054684]
  cam_t_m2c: [-13.82900815, -80.62344037, 772.32562368]
  obj_bb: [329, 107, 73, 67]
  obj_id: 3
- cam_R_m2c: [-0.74764233, 0.11660236, 0.65378542, -0.01898214, 0.98031042, -0.19654552, -0.66382987, -0.15935632, -0.73070838]
  cam_t_m2c: [-13.23824553, 16.18090830, 728.34620661]
  obj_bb: [315, 244, 94, 67]
  obj_id: 4
- cam_R_m2c: [0.60347298, 0.43697198, 0.66699055, -0.60578997, -0.29266915, 0.73983935, 0.51849643, -0.85052926, 0.08809476]
  cam_t_m2c: [21.89098203, -23.65601738, 751.45697440]
  obj_bb: [365, 177, 94, 100]
  obj_id: 4
- cam_R_m2c: [0.62926429, -0.44117223, -0.63983909, -0.15716708, 0.73402614, -0.66068383, 0.76113361, 0.51630632, 0.39255914]
  cam_t_m2c: [-72.29440649, -46.05617016, 760.21951966]
  obj_bb: [227, 144, 88, 91]
  obj_id: 4
- cam_R_m2c: [-0.59926646, 0.78286753, -0.16732808, 0.08386613, -0.14647361, -0.98565254, -0.79614414, -0.60470193, 0.02212102]
  cam_t_m2c: [21.35795371, 88.50874144, 739.08794133]
  obj_bb: [372, 330, 65, 114]
  obj_id: 4
9:
- cam_R_m2c: [-0.28670942, -0.54028580, -0.79113189, -0.89359862, -0.14688385, 0.42415433, -0.34536956, 0.82856272, -0.44068507]
  cam_t_m2c: [-37.78272514, -86.31202237, 793.34869790]
  obj_bb: [282, 119, 81, 56]
  obj_id: 1
- cam_R_m2c: [0.55541989, 0.74322344, -0.37299915, 0.45173184, 0.10693056, 0.88572256, 0.69817471, -0.66044297, -0.27634546]
  cam_t_m2c: [-55.44776399, 35.49411018, 741.39787524]
  obj_bb: [261, 266, 60, 91]
  obj_id: 1
- cam_R_m2c: [-0.40659847, -0.90094072, -0.15160547, -0.49518448, 0.35677733, -0.79215057, 0.76776918, -0.24701412, -0.59119722]
  cam_t_m2c: [-25.02607347, 69.44421115, 739.78930653]
  obj_bb: [310, 312, 55, 84]
  obj_id: 1
- cam_R_m2c: [-0.77492529, 0.23017295, -0.58865262, -0.42882894, 0.49271937, 0.75718797, 0.46432405, 0.83919524, -0.28311511]
  cam_t_m2c: [58.79992914, 13.68098383, 767.32888835]
  obj_bb: [420, 240, 70, 82]
  obj_id: 1
- cam_R_m2c: [-0.78661186, 0.40791469, -0.46351708, 0.35189442, -0.32067938, -0.87939486, -0.50735787, -0.85485118, 0.10870650]
  cam_t_m2c: [-58.44770340, -1.87192105, 770.43176850]
  obj_bb: [259, 209, 63, 87]
  obj_id: 1
- cam_R_m2c: [0.41452633, 0.59925699, -0.68487933, -0.62725433, 0.73339995, 0.26206256, 0.65933236, 0.32096210, 0.67989985]
  cam_t_m2c: [-98.39566354, -28.64005983, 759.48661247]
  obj_bb: [197, 195, 73, 54]
  obj_id: 1
- cam_R_m2c: [-0.53932848, -0.51029322, 0.66987038, -0.40239621, -0.54261034, -0.73732732, 0.73973089, -0.66721494, 0.08730453]
  cam_t_m2c: [4.36862518, -35.87451214, 778.90331013]
  obj_bb: [349, 165, 76, 79]
  obj_id: 1
- cam_R_m2c: [-0.68913455, -0.33208974, -0.64405798, -0.27610602, 0.94209289, -0.19033313, 0.66996943, 0.04666386, -0.74092044]
  cam_t_m2c: [87.36477921, 32.78815718, 748.77393857]
  obj_bb: [456, 269, 80, 66]
  obj_id: 2
- cam_R_m2c: [0.16383598, 0.94198329, 0.29296067, -0.75373940, -0.07205567, 0.65321141, 0.63642270, -0.32783534, 0.69820469]
  cam_t_m2c: [51.97339579, 61.36411538, 736.46775176]
  obj_bb: [423, 310, 67, 85]
  obj_id: 2
- cam_R_m2c: [-0.81531070, 0.26698502, -0.51379779, 0.45361365, -0.25698018, -0.85334407, -0.35986537, -0.92880582, 0.08840988]
  cam_t_m2c: [-87.68601984, 20.37281687, 761.29227650]
  obj_bb: [208, 237, 77, 93]
  obj_id: 2
- cam_R_m2c: [-0.24966917, 0.24845326, 0.93591505, -0.64925176, 0.67413503, -0.35215675, -0.71842767, -0.69556617, -0.00700226]
  cam_t_m2c: [1.73573932, 37.77365082, 756.30226331]
  obj_bb: [334, 272, 94, 68]
  obj_id: 2
- cam_R_m2c: [0.72553487, 0.68327556, -0.08206314, -0.64100356, 0.71436332, 0.28071292, 0.25042652, -0.15106355, 0.95627716]
  cam_t_m2c: [-29.23479673, -50.62938674, 771.81033336]
  obj_bb: [306, 160, 60, 65]
  obj_id: 2
- cam_R_m2c: [-0.76778401, 0.62843226, 0.12482512, 0.49518011, 0.70565122, -0.50680694, -0.40657620, -0.32730654, -0.85297472]
  cam_t_m2c: [-20.30652797, -18.16829262, 749.11259760]
  obj_bb: [315, 183, 72, 81]
  obj_id: 3
- cam_R_m2c: [0.44672577, 0.77755948, 0.44253593, -0.76984644, 0.58609017, -0.25265596, -0.45582129, -0.22781613, 0.86042223]
  cam_t_m2c: [-6.29668221, -80.72516179, 772.43625701]
  obj_bb: [338, 108, 75, 66]
  obj_id: 3
- cam_R_m2c: [-0.75960275, 0.03040104, 0.64967695, -0.08270078, 0.98628394, -0.14284547, -0.64510827, -0.16223370, -0.74666940]
  cam_t_m2c: [-14.87372673, 15.69804437, 728.45191208]
  obj_bb: [313, 245, 94, 65]
  obj_id: 4
- cam_R_m2c: [0.66454342, 0.43875277, 0.60487913, -0.55222774, -0.25697791, 0.79309970, 0.50341452, -0.86107984, 0.07151908]
  cam_t_m2c: [24.01768833, -21.01987751, 750.68708166]
  obj_bb: [371, 178, 89, 104]
  obj_id: 4
- cam_R_m2c: [0.65877839, -0.48802509, -0.57257598, -0.10250667, 0.69574015, -0.71094183, 0.74532100, 0.52704616, 0.40831188]
  cam_t_m2c: [-67.72426755, -51.18257093, 761.78056496]
  obj_bb: [235, 135, 84, 95]
  obj_id: 4
