0:
  cam_K: [1075.65091572, 0.0, 374.06888344, 0.0, 1073.90347929, 254.72159802, 0.0, 0.0, 1.0]
  cam_R_w2c: [0.0295006, -0.99951, 0.0104312, -0.958898, -0.0312453, -0.282024, 0.282212, -0.00168261, -0.959351]
  cam_t_w2c: [-10.3324, 17.6917, 786.845]
  depth_scale: 0.1
  elev: 75
  mode: 0
1:
  cam_K: [1075.65091572, 0.0, 374.06888344, 0.0, 1073.90347929, 254.72159802, 0.0, 0.0, 1.0]
  cam_R_w2c: [0.116212, -0.993172, 0.010203, -0.952608, -0.114361, -0.281887, 0.281129, 0.023039, -0.959393]
  cam_t_w2c: [-10.6776, 17.5621, 786.959]
  depth_scale: 0.1
  elev: 75
  mode: 0
2:
  cam_K: [1075.65091572, 0.0, 375.06888344, 0.0, 1073.90347929, 255.72159802, 0.0, 0.0, 1.0]
  cam_R_w2c: [0.202305, -0.979273, 0.00986047, -0.939006, -0.196826, -0.282004, 0.2781, 0.0477918, -0.959362]
  cam_t_w2c: [-10.9935, 17.412, 787.005]
  depth_scale: 0.1
  elev: 75
  mode: 0
3:
  cam_K: [1075.65091572, 0.0, 375.06888344, 0.0, 1073.90347929, 255.72159802, 0.0, 0.0, 1.0]
  cam_R_w2c: [0.28669, -0.957976, 0.00956293, -0.918377, -0.277654, -0.281944, 0.272751, 0.0720482, -0.959383]
  cam_t_w2c: [-11.3001, 17.2449, 787.054]
  depth_scale: 0.1
  elev: 75
  mode: 0
4:
  cam_K: [1075.65091572, 0.0, 376.06888344, 0.0, 1073.90347929, 255.72159802, 0.0, 0.0, 1.0]
  cam_R_w2c: [0.369014, -0.92938, 0.0089883, -0.890691, -0.356382, -0.282243, 0.265514, 0.096146, -0.959301]
  cam_t_w2c: [-11.6359, 17.0215, 787.141]
  depth_scale: 0.1
  elev: 75
  mode: 0
5:
  cam_K: [1075.65091572, 0.0, 376.06888344, 0.0, 1073.90347929, 255.72159802, 0.0, 0.0, 1.0]
  cam_R_w2c: [0.448571, -0.893703, 0.00891809, -0.856249, -0.432589, -0.282319, 0.256167, 0.119004, -0.959279]
  cam_t_w2c: [-11.8829, 16.8057, 787.211]
  depth_scale: 0.1
  elev: 75
  mode: 0
6:
  cam_K: [1075.65091572, 0.0, 377.06888344, 0.0, 1073.90347929, 256.72159802, 0.0, 0.0, 1.0]
  cam_R_w2c: [0.524672, -0.85126, 0.0086408, -0.815276, -0.505363, -0.282723, 0.245038, 0.141292, -0.959163]
  cam_t_w2c: [-12.1242, 16.5437, 787.267]
  depth_scale: 0.1
  elev: 75
  mode: 0
7:
  cam_K: [1075.65091572, 0.0, 377.06888344, 0.0, 1073.90347929, 256.72159802, 0.0, 0.0, 1.0]
  cam_R_w2c: [0.596833, -0.802323, 0.00822122, -0.768136, -0.574302, -0.283098, 0.231858, 0.162647, -0.959056]
  cam_t_w2c: [-12.3754, 16.2861, 787.255]
  depth_scale: 0.1
  elev: 75
  mode: 0
8:
  cam_K: [1075.65091572, 0.0, 377.06888344, 0.0, 1073.90347929, 257.72159802, 0.0, 0.0, 1.0]
  cam_R_w2c: [0.664431, -0.747305, 0.0081992, -0.715148, -0.638949, -0.283384, 0.217013, 0.182426, -0.958971]
  cam_t_w2c: [-12.5674, 15.9837, 787.376]
  depth_scale: 0.1
  elev: 75
  mode: 0
9:
  cam_K: [1075.65091572, 0.0, 377.06888344, 0.0, 1073.90347929, 257.72159802, 0.0, 0.0, 1.0]
  cam_R_w2c: [0.726958, -0.686634, 0.00815607, -0.656753, -0.698693, -0.283732, 0.200518, 0.200904, -0.958869]
  cam_t_w2c: [-12.7322, 15.6819, 787.447]
  depth_scale: 0.1
  elev: 75
  mode: 0
10:
  cam_K: [1075.65091572, 0.0, 378.06888344, 0.0, 1073.90347929, 257.72159802, 0.0, 0.0, 1.0]
  cam_R_w2c: [0.784064, -0.620628, 0.00800196, -0.593278, -0.753175, -0.284165, 0.182388, 0.218056, -0.958742]
  cam_t_w2c: [-12.8829, 15.351, 787.535]
  depth_scale: 0.1
  elev: 75
  mode: 0
11:
  cam_K: [1075.65091572, 0.0, 378.06888344, 0.0, 1073.90347929, 258.72159802, 0.0, 0.0, 1.0]
  cam_R_w2c: [0.835166, -0.549939, 0.00807872, -0.525277, -0.801896, -0.284686, 0.163038, 0.233517, -0.958587]
  cam_t_w2c: [-12.9855, 15.0294, 787.557]
  depth_scale: 0.1
  elev: 75
  mode: 0
12:
  cam_K: [1075.65091572, 0.0, 378.06888344, 0.0, 1073.90347929, 258.72159802, 0.0, 0.0, 1.0]
  cam_R_w2c: [0.879924, -0.475046, 0.00806439, -0.453314, -0.844512, -0.285143, 0.142266, 0.247248, -0.958451]
  cam_t_w2c: [-13.0719, 14.691, 787.624]
  depth_scale: 0.1
  elev: 75
  mode: 0
13:
  cam_K: [1075.65091572, 0.0, 378.06888344, 0.0, 1073.90347929, 259.72159802, 0.0, 0.0, 1.0]
  cam_R_w2c: [0.917977, -0.396547, 0.00825682, -0.37787, -0.88069, -0.285654, 0.120547, 0.259104, -0.958297]
  cam_t_w2c: [-13.1135, 14.3507, 787.648]
  depth_scale: 0.1
  elev: 75
  mode: 0
14:
  cam_K: [1075.65091572, 0.0, 378.06888344, 0.0, 1073.90347929, 259.72159802, 0.0, 0.0, 1.0]
  cam_R_w2c: [0.949073, -0.314941, 0.00851025, -0.299468, -0.910178, -0.286171, 0.0978729, 0.269049, -0.958141]
  cam_t_w2c: [-13.1201, 14.0019, 787.699]
  depth_scale: 0.1
  elev: 75
  mode: 0
15:
  cam_K: [1075.65091572, 0.0, 378.06888344, 0.0, 1073.90347929, 260.72159802, 0.0, 0.0, 1.0]
  cam_R_w2c: [0.97293, -0.230934, 0.00875699, -0.218818, -0.93275, -0.286523, 0.074336, 0.276851, -0.958033]
  cam_t_w2c: [-13.0908, 13.6694, 787.758]
  depth_scale: 0.1
  elev: 75
  mode: 0
16:
  cam_K: [1075.65091572, 0.0, 378.06888344, 0.0, 1073.90347929, 260.72159802, 0.0, 0.0, 1.0]
  cam_R_w2c: [0.989352, -0.145254, 0.00919159, -0.136544, -0.948182, -0.286892, 0.0503876, 0.282582, -0.957919]
  cam_t_w2c: [-13.0227, 13.331, 787.805]
  depth_scale: 0.1
  elev: 75
  mode: 0
17:
  cam_K: [1075.65091572, 0.0, 378.06888344, 0.0, 1073.90347929, 261.72159802, 0.0, 0.0, 1.0]
  cam_R_w2c: [0.998248, -0.0583904, 0.00953891, -0.0531977, -0.956392, -0.287201, 0.0258927, 0.286191, -0.957823]
  cam_t_w2c: [-12.9337, 13.0082, 787.833]
  depth_scale: 0.1
  elev: 75
  mode: 0
18:
  cam_K: [1075.65091572, 0.0, 378.06888344, 0.0, 1073.90347929, 261.72159802, 0.0, 0.0, 1.0]
  cam_R_w2c: [0.999535, 0.0288097, 0.00994573, 0.0304528, -0.957344, -0.287342, 0.00124325, 0.287511, -0.957777]
  cam_t_w2c: [-12.8068, 12.6903, 787.944]
  depth_scale: 0.1
  elev: 75
  mode: 0
19:
  cam_K: [1075.65091572, 0.0, 378.06888344, 0.0, 1073.90347929, 262.72159802, 0.0, 0.0, 1.0]
  cam_R_w2c: [0.993198, 0.11601, 0.00992018, 0.113957, -0.951054, -0.287244, -0.0238886, 0.286421, -0.957806]
  cam_t_w2c: [-12.7152, 12.4374, 787.983]
  depth_scale: 0.1
  elev: 75
  mode: 0
20:
  cam_K: [1075.65091572, 0.0, 377.06888344, 0.0, 1073.90347929, 262.72159802, 0.0, 0.0, 1.0]
  cam_R_w2c: [0.979297, 0.202169, 0.0102473, 0.19654, -0.937473, -0.287256, -0.0484677, 0.283323, -0.957799]
  cam_t_w2c: [-12.5375, 12.1328, 788.092]
  depth_scale: 0.1
  elev: 75
  mode: 0
21:
  cam_K: [1075.65091572, 0.0, 377.06888344, 0.0, 1073.90347929, 262.72159802, 0.0, 0.0, 1.0]
  cam_R_w2c: [0.957896, 0.286929, 0.0103981, 0.27772, -0.916747, -0.287134, -0.0728546, 0.277932, -0.957834]
  cam_t_w2c: [-12.3744, 11.8865, 788.196]
  depth_scale: 0.1
  elev: 75
  mode: 0
22:
  cam_K: [1075.65091572, 0.0, 377.06888344, 0.0, 1073.90347929, 263.72159802, 0.0, 0.0, 1.0]
  cam_R_w2c: [0.929143, 0.369567, 0.0106214, 0.35685, -0.888915, -0.287208, -0.0967011, 0.270648, -0.957809]
  cam_t_w2c: [-12.1756, 11.6249, 788.287]
  depth_scale: 0.1
  elev: 75
  mode: 0
23:
  cam_K: [1075.65091572, 0.0, 377.06888344, 0.0, 1073.90347929, 263.72159802, 0.0, 0.0, 1.0]
  cam_R_w2c: [0.895846, 0.444242, 0.0104711, 0.428268, -0.856869, -0.286988, -0.11852, 0.261581, -0.957877]
  cam_t_w2c: [-12.0342, 11.4037, 788.397]
  depth_scale: 0.1
  elev: 75
  mode: 0
24:
  cam_K: [1075.65091572, 0.0, 376.06888344, 0.0, 1073.90347929, 264.72159802, 0.0, 0.0, 1.0]
  cam_R_w2c: [0.850474, 0.525902, 0.0109663, 0.5065, -0.813115, -0.286884, -0.141956, 0.249541, -0.957903]
  cam_t_w2c: [-11.7367, 11.1633, 788.494]
  depth_scale: 0.1
  elev: 75
  mode: 0
25:
  cam_K: [1075.65091572, 0.0, 376.06888344, 0.0, 1073.90347929, 264.72159802, 0.0, 0.0, 1.0]
  cam_R_w2c: [0.801192, 0.598302, 0.011243, 0.5758, -0.765671, -0.28671, -0.162931, 0.236184, -0.957951]
  cam_t_w2c: [-11.4719, 10.9809, 788.587]
  depth_scale: 0.1
  elev: 75
  mode: 0
26:
  cam_K: [1075.65091572, 0.0, 375.06888344, 0.0, 1073.90347929, 264.72159802, 0.0, 0.0, 1.0]
  cam_R_w2c: [0.745695, 0.666189, 0.0114023, 0.640746, -0.712313, -0.28645, -0.182708, 0.220911, -0.958027]
  cam_t_w2c: [-11.1886, 10.8106, 788.702]
  depth_scale: 0.1
  elev: 75
  mode: 0
27:
  cam_K: [1075.65091572, 0.0, 375.06888344, 0.0, 1073.90347929, 264.72159802, 0.0, 0.0, 1.0]
  cam_R_w2c: [0.684606, 0.72882, 0.0116631, 0.70065, -0.653564, -0.286257, -0.201007, 0.204145, -0.958082]
  cam_t_w2c: [-10.8757, 10.6628, 788.807]
  depth_scale: 0.1
  elev: 75
  mode: 0
28:
  cam_K: [1075.65091572, 0.0, 375.06888344, 0.0, 1073.90347929, 264.72159802, 0.0, 0.0, 1.0]
  cam_R_w2c: [0.618292, 0.785859, 0.0118843, 0.755195, -0.589842, -0.285949, -0.217705, 0.185775, -0.958171]
  cam_t_w2c: [-10.5585, 10.5528, 788.877]
  depth_scale: 0.1
  elev: 75
  mode: 0
29:
  cam_K: [1075.65091572, 0.0, 374.06888344, 0.0, 1073.90347929, 265.72159802, 0.0, 0.0, 1.0]
  cam_R_w2c: [0.547215, 0.836904, 0.0120967, 0.80396, -0.521544, -0.285727, -0.232817, 0.166079, -0.958235]
  cam_t_w2c: [-10.2246, 10.4716, 788.925]
  depth_scale: 0.1
  elev: 75
  mode: 0
30:
  cam_K: [1075.65091572, 0.0, 374.06888344, 0.0, 1073.90347929, 265.72159802, 0.0, 0.0, 1.0]
  cam_R_w2c: [0.477352, 0.878627, 0.0121914, 0.843787, -0.454463, -0.285458, -0.245271, 0.146551, -0.958314]
  cam_t_w2c: [-9.9098, 10.4114, 789.013]
  depth_scale: 0.1
  elev: 75
  mode: 0
31:
  cam_K: [1075.65091572, 0.0, 373.06888344, 0.0, 1073.90347929, 265.72159802, 0.0, 0.0, 1.0]
  cam_R_w2c: [0.393282, 0.919333, 0.0124958, 0.882644, -0.373712, -0.285094, -0.257426, 0.123152, -0.958418]
  cam_t_w2c: [-9.53359, 10.3977, 789.058]
  depth_scale: 0.1
  elev: 75
  mode: 0
32:
  cam_K: [1075.65091572, 0.0, 373.06888344, 0.0, 1073.90347929, 265.72159802, 0.0, 0.0, 1.0]
  cam_R_w2c: [0.317441, 0.948195, 0.0125502, 0.910109, -0.30092, -0.284865, -0.266331, 0.10185, -0.958486]
  cam_t_w2c: [-9.20234, 10.3919, 789.085]
  depth_scale: 0.1
  elev: 75
  mode: 0
33:
  cam_K: [1075.65091572, 0.0, 372.06888344, 0.0, 1073.90347929, 265.72159802, 0.0, 0.0, 1.0]
  cam_R_w2c: [0.233487, 0.972279, 0.0125799, 0.932965, -0.220363, -0.284635, -0.273973, 0.0781952, -0.958553]
  cam_t_w2c: [-8.87297, 10.4192, 789.098]
  depth_scale: 0.1
  elev: 75
  mode: 0
34:
  cam_K: [1075.65091572, 0.0, 372.06888344, 0.0, 1073.90347929, 265.72159802, 0.0, 0.0, 1.0]
  cam_R_w2c: [0.147857, 0.988927, 0.0127026, 0.948728, -0.138195, -0.284285, -0.279382, 0.0540847, -0.958656]
  cam_t_w2c: [-8.53051, 10.4996, 789.081]
  depth_scale: 0.1
  elev: 75
  mode: 0
35:
  cam_K: [1075.65091572, 0.0, 371.06888344, 0.0, 1073.90347929, 264.72159802, 0.0, 0.0, 1.0]
  cam_R_w2c: [0.0610367, 0.998055, 0.0127067, 0.957247, -0.0549253, -0.284009, -0.282758, 0.0294984, -0.958737]
  cam_t_w2c: [-8.19431, 10.5907, 789.044]
  depth_scale: 0.1
  elev: 75
  mode: 0
36:
  cam_K: [1075.65091572, 0.0, 371.06888344, 0.0, 1073.90347929, 264.72159802, 0.0, 0.0, 1.0]
  cam_R_w2c: [-0.0259791, 0.999583, 0.0125895, 0.958521, 0.0284837, -0.283595, -0.283836, 0.0046998, -0.958861]
  cam_t_w2c: [-7.88659, 10.7109, 789.029]
  depth_scale: 0.1
  elev: 75
  mode: 0
37:
  cam_K: [1075.65091572, 0.0, 370.06888344, 0.0, 1073.90347929, 264.72159802, 0.0, 0.0, 1.0]
  cam_R_w2c: [-0.113053, 0.993513, 0.0122711, 0.952537, 0.111887, -0.283116, -0.282652, -0.0203184, -0.959007]
  cam_t_w2c: [-7.6443, 10.8344, 789.071]
  depth_scale: 0.1
  elev: 75
  mode: 0
38:
  cam_K: [1075.65091572, 0.0, 370.06888344, 0.0, 1073.90347929, 264.72159802, 0.0, 0.0, 1.0]
  cam_R_w2c: [-0.199202, 0.979882, 0.0122618, 0.939191, 0.194471, -0.283023, -0.279713, -0.0448625, -0.959035]
  cam_t_w2c: [-7.3288, 10.9738, 789.066]
  depth_scale: 0.1
  elev: 75
  mode: 0
39:
  cam_K: [1075.65091572, 0.0, 370.06888344, 0.0, 1073.90347929, 264.72159802, 0.0, 0.0, 1.0]
  cam_R_w2c: [-0.283883, 0.958785, 0.0119088, 0.918792, 0.275552, -0.282651, -0.274283, -0.0692981, -0.959149]
  cam_t_w2c: [-7.08508, 11.1391, 789.096]
  depth_scale: 0.1
  elev: 75
  mode: 0
40:
  cam_K: [1075.65091572, 0.0, 369.06888344, 0.0, 1073.90347929, 263.72159802, 0.0, 0.0, 1.0]
  cam_R_w2c: [-0.366424, 0.930375, 0.0116376, 0.891287, 0.354565, -0.282649, -0.267096, -0.093197, -0.959153]
  cam_t_w2c: [-6.85304, 11.3081, 789.057]
  depth_scale: 0.1
  elev: 75
  mode: 0
41:
  cam_K: [1075.65091572, 0.0, 369.06888344, 0.0, 1073.90347929, 263.72159802, 0.0, 0.0, 1.0]
  cam_R_w2c: [-0.446145, 0.894889, 0.0112994, 0.857046, 0.430846, -0.282567, -0.257734, -0.116382, -0.959181]
  cam_t_w2c: [-6.63992, 11.4956, 789.04]
  depth_scale: 0.1
  elev: 75
  mode: 0
42:
  cam_K: [1075.65091572, 0.0, 369.06888344, 0.0, 1073.90347929, 263.72159802, 0.0, 0.0, 1.0]
  cam_R_w2c: [-0.522399, 0.852629, 0.0110535, 0.816272, 0.503788, -0.282661, -0.246574, -0.138639, -0.959156]
  cam_t_w2c: [-6.4185, 11.6958, 788.988]
  depth_scale: 0.1
  elev: 75
  mode: 0
43:
  cam_K: [1075.65091572, 0.0, 368.06888344, 0.0, 1073.90347929, 263.72159802, 0.0, 0.0, 1.0]
  cam_R_w2c: [-0.5947, 0.803875, 0.0107581, 0.769298, 0.572905, -0.282773, -0.233478, -0.159889, -0.959126]
  cam_t_w2c: [-6.23916, 11.9276, 788.9]
  depth_scale: 0.1
  elev: 75
  mode: 0
44:
  cam_K: [1075.65091572, 0.0, 368.06888344, 0.0, 1073.90347929, 262.72159802, 0.0, 0.0, 1.0]
  cam_R_w2c: [-0.662481, 0.749004, 0.0105827, 0.716443, 0.63768, -0.282973, -0.218696, -0.179882, -0.959069]
  cam_t_w2c: [-6.06394, 12.1498, 788.825]
  depth_scale: 0.1
  elev: 75
  mode: 0
45:
  cam_K: [1075.65091572, 0.0, 368.06888344, 0.0, 1073.90347929, 262.72159802, 0.0, 0.0, 1.0]
  cam_R_w2c: [-0.725234, 0.688425, 0.0103196, 0.658175, 0.697611, -0.283099, -0.202091, -0.198521, -0.959035]
  cam_t_w2c: [-5.9167, 12.411, 788.754]
  depth_scale: 0.1
  elev: 75
  mode: 0
46:
  cam_K: [1075.65091572, 0.0, 368.06888344, 0.0, 1073.90347929, 262.72159802, 0.0, 0.0, 1.0]
  cam_R_w2c: [-0.78242, 0.622666, 0.0102554, 0.59488, 0.752173, -0.283467, -0.184219, -0.21569, -0.958927]
  cam_t_w2c: [-5.78194, 12.6755, 788.6]
  depth_scale: 0.1
  elev: 75
  mode: 0
47:
  cam_K: [1075.65091572, 0.0, 368.06888344, 0.0, 1073.90347929, 261.72159802, 0.0, 0.0, 1.0]
  cam_R_w2c: [-0.833635, 0.552224, 0.0101248, 0.52718, 0.801029, -0.283608, -0.164725, -0.231088, -0.958887]
  cam_t_w2c: [-5.6751, 12.9437, 788.524]
  depth_scale: 0.1
  elev: 75
  mode: 0
48:
  cam_K: [1075.65091572, 0.0, 367.06888344, 0.0, 1073.90347929, 261.72159802, 0.0, 0.0, 1.0]
  cam_R_w2c: [-0.878531, 0.477577, 0.0101233, 0.455413, 0.843778, -0.283968, -0.144159, -0.244865, -0.95878]
  cam_t_w2c: [-5.57898, 13.2328, 788.378]
  depth_scale: 0.1
  elev: 75
  mode: 0
49:
  cam_K: [1075.65091572, 0.0, 367.06888344, 0.0, 1073.90347929, 260.72159802, 0.0, 0.0, 1.0]
  cam_R_w2c: [-0.916744, 0.399343, 0.0102466, 0.38021, 0.880116, -0.284316, -0.122558, -0.256749, -0.958676]
  cam_t_w2c: [-5.51226, 13.5306, 788.213]
  depth_scale: 0.1
  elev: 75
  mode: 0
50:
  cam_K: [1075.65091572, 0.0, 367.06888344, 0.0, 1073.90347929, 260.72159802, 0.0, 0.0, 1.0]
  cam_R_w2c: [-0.948007, 0.318085, 0.0102346, 0.302188, 0.909783, -0.284564, -0.0998269, -0.266676, -0.958602]
  cam_t_w2c: [-5.47495, 13.828, 788.071]
  depth_scale: 0.1
  elev: 75
  mode: 0
51:
  cam_K: [1075.65091572, 0.0, 367.06888344, 0.0, 1073.90347929, 260.72159802, 0.0, 0.0, 1.0]
  cam_R_w2c: [-0.972074, 0.234443, 0.0103959, 0.221859, 0.932531, -0.284893, -0.0764857, -0.274631, -0.958503]
  cam_t_w2c: [-5.46629, 14.1288, 787.915]
  depth_scale: 0.1
  elev: 75
  mode: 0
52:
  cam_K: [1075.65091572, 0.0, 367.06888344, 0.0, 1073.90347929, 259.72159802, 0.0, 0.0, 1.0]
  cam_R_w2c: [-0.988776, 0.149027, 0.0106802, 0.139838, 0.948242, -0.285101, -0.0526151, -0.280408, -0.958438]
  cam_t_w2c: [-5.46921, 14.4288, 787.752]
  depth_scale: 0.1
  elev: 75
  mode: 0
53:
  cam_K: [1075.65091572, 0.0, 367.06888344, 0.0, 1073.90347929, 259.72159802, 0.0, 0.0, 1.0]
  cam_R_w2c: [-0.99799, 0.0624432, 0.0107806, 0.056779, 0.956732, -0.285377, -0.028134, -0.284192, -0.958355]
  cam_t_w2c: [-5.51947, 14.7189, 787.6]
  depth_scale: 0.1
  elev: 75
  mode: 0
54:
  cam_K: [1075.65091572, 0.0, 367.06888344, 0.0, 1073.90347929, 258.72159802, 0.0, 0.0, 1.0]
  cam_R_w2c: [-0.999636, -0.0245369, 0.0112368, -0.0267248, 0.957968, -0.285626, -0.00375611, -0.285822, -0.958275]
  cam_t_w2c: [-5.56442, 15.017, 787.42]
  depth_scale: 0.1
  elev: 75
  mode: 0
55:
  cam_K: [1075.65091572, 0.0, 367.06888344, 0.0, 1073.90347929, 258.72159802, 0.0, 0.0, 1.0]
  cam_R_w2c: [-0.993694, -0.111586, 0.0109633, -0.110058, 0.952037, -0.285506, 0.0214209, -0.284912, -0.958314]
  cam_t_w2c: [-5.70226, 15.3534, 787.282]
  depth_scale: 0.1
  elev: 75
  mode: 0
56:
  cam_K: [1075.65091572, 0.0, 368.06888344, 0.0, 1073.90347929, 258.72159802, 0.0, 0.0, 1.0]
  cam_R_w2c: [-0.980218, -0.197607, 0.011116, -0.192498, 0.938812, -0.285615, 0.0460035, -0.282104, -0.95828]
  cam_t_w2c: [-5.8337, 15.6407, 787.161]
  depth_scale: 0.1
  elev: 75
  mode: 0
57:
  cam_K: [1075.65091572, 0.0, 368.06888344, 0.0, 1073.90347929, 257.72159802, 0.0, 0.0, 1.0]
  cam_R_w2c: [-0.959267, -0.282281, 0.0110982, -0.273596, 0.918533, -0.285381, 0.0703636, -0.276793, -0.95835]
  cam_t_w2c: [-6.01338, 15.9246, 787.092]
  depth_scale: 0.1
  elev: 75
  mode: 0
58:
  cam_K: [1075.65091572, 0.0, 368.06888344, 0.0, 1073.90347929, 257.72159802, 0.0, 0.0, 1.0]
  cam_R_w2c: [-0.93102, -0.364798, 0.0111485, -0.352623, 0.891229, -0.285251, 0.094123, -0.269505, -0.958388]
  cam_t_w2c: [-6.20198, 16.1898, 787.016]
  depth_scale: 0.1
  elev: 75
  mode: 0
59:
  cam_K: [1075.65091572, 0.0, 368.06888344, 0.0, 1073.90347929, 256.72159802, 0.0, 0.0, 1.0]
  cam_R_w2c: [-0.89566, -0.444597, 0.0112789, -0.429051, 0.857109, -0.285096, 0.117086, -0.260189, -0.958432]
  cam_t_w2c: [-6.41437, 16.4376, 786.95]
  depth_scale: 0.1
  elev: 75
  mode: 0
60:
  cam_K: [1075.65091572, 0.0, 369.06888344, 0.0, 1073.90347929, 256.72159802, 0.0, 0.0, 1.0]
  cam_R_w2c: [-0.853494, -0.520978, 0.011393, -0.502176, 0.81646, -0.284977, 0.139165, -0.248948, -0.958467]
  cam_t_w2c: [-6.63942, 16.6679, 786.896]
  depth_scale: 0.1
  elev: 75
  mode: 0
61:
  cam_K: [1075.65091572, 0.0, 369.06888344, 0.0, 1073.90347929, 256.72159802, 0.0, 0.0, 1.0]
  cam_R_w2c: [-0.804794, -0.593442, 0.0115574, -0.571564, 0.76958, -0.284711, 0.160065, -0.235739, -0.958544]
  cam_t_w2c: [-6.8799, 16.8887, 786.839]
  depth_scale: 0.1
  elev: 75
  mode: 0
62:
  cam_K: [1075.65091572, 0.0, 369.06888344, 0.0, 1073.90347929, 255.72159802, 0.0, 0.0, 1.0]
  cam_R_w2c: [-0.749947, -0.661397, 0.0115392, -0.636573, 0.716837, -0.284463, 0.179871, -0.220677, -0.958618]
  cam_t_w2c: [-7.16438, 17.0738, 786.862]
  depth_scale: 0.1
  elev: 75
  mode: 0
63:
  cam_K: [1075.65091572, 0.0, 370.06888344, 0.0, 1073.90347929, 255.72159802, 0.0, 0.0, 1.0]
  cam_R_w2c: [-0.689376, -0.72431, 0.0116432, -0.696786, 0.658612, -0.284111, 0.198116, -0.203972, -0.958721]
  cam_t_w2c: [-7.43024, 17.2455, 786.844]
  depth_scale: 0.1
  elev: 75
  mode: 0
64:
  cam_K: [1075.65091572, 0.0, 370.06888344, 0.0, 1073.90347929, 255.72159802, 0.0, 0.0, 1.0]
  cam_R_w2c: [-0.623503, -0.781736, 0.0115782, -0.751662, 0.595311, -0.283915, 0.215054, -0.185725, -0.958779]
  cam_t_w2c: [-7.73191, 17.3881, 786.846]
  depth_scale: 0.1
  elev: 75
  mode: 0
65:
  cam_K: [1075.65091572, 0.0, 371.06888344, 0.0, 1073.90347929, 255.72159802, 0.0, 0.0, 1.0]
  cam_R_w2c: [-0.552993, -0.833105, 0.0116173, -0.800781, 0.527583, -0.283558, 0.230104, -0.166108, -0.958885]
  cam_t_w2c: [-8.02754, 17.5196, 786.874]
  depth_scale: 0.1
  elev: 75
  mode: 0
66:
  cam_K: [1075.65091572, 0.0, 371.06888344, 0.0, 1073.90347929, 255.72159802, 0.0, 0.0, 1.0]
  cam_R_w2c: [-0.478304, -0.878117, 0.0116489, -0.843794, 0.455852, -0.283214, 0.243385, -0.145292, -0.958986]
  cam_t_w2c: [-8.32368, 17.6274, 786.878]
  depth_scale: 0.1
  elev: 75
  mode: 0
67:
  cam_K: [1075.65091572, 0.0, 372.06888344, 0.0, 1073.90347929, 254.72159802, 0.0, 0.0, 1.0]
  cam_R_w2c: [-0.399893, -0.91649, 0.0114389, -0.880358, 0.380595, -0.28305, 0.255059, -0.12326, -0.959037]
  cam_t_w2c: [-8.65926, 17.6922, 786.873]
  depth_scale: 0.1
  elev: 75
  mode: 0
68:
  cam_K: [1075.65091572, 0.0, 372.06888344, 0.0, 1073.90347929, 254.72159802, 0.0, 0.0, 1.0]
  cam_R_w2c: [-0.318534, -0.947841, 0.0115284, -0.910254, 0.302464, -0.282761, 0.264525, -0.100563, -0.959121]
  cam_t_w2c: [-8.95125, 17.7643, 786.851]
  depth_scale: 0.1
  elev: 75
  mode: 0
69:
  cam_K: [1075.65091572, 0.0, 372.06888344, 0.0, 1073.90347929, 254.72159802, 0.0, 0.0, 1.0]
  cam_R_w2c: [-0.234962, -0.971938, 0.0113864, -0.933148, 0.222275, -0.282541, 0.272081, -0.0770115, -0.959188]
  cam_t_w2c: [-9.26485, 17.772, 786.901]
  depth_scale: 0.1
  elev: 75
  mode: 0
70:
  cam_K: [1075.65091572, 0.0, 373.06888344, 0.0, 1073.90347929, 254.72159802, 0.0, 0.0, 1.0]
  cam_R_w2c: [-0.149545, -0.988694, 0.0110099, -0.949019, 0.140402, -0.282223, 0.277486, -0.0526537, -0.959286]
  cam_t_w2c: [-9.61351, 17.7874, 786.901]
  depth_scale: 0.1
  elev: 75
  mode: 0
71:
  cam_K: [1075.65091572, 0.0, 373.06888344, 0.0, 1073.90347929, 254.72159802, 0.0, 0.0, 1.0]
  cam_R_w2c: [-0.0629276, -0.997962, 0.0106041, -0.957643, 0.0573869, -0.282181, 0.280997, -0.027912, -0.959303]
  cam_t_w2c: [-9.96974, 17.7348, 786.863]
  depth_scale: 0.1
  elev: 75
  mode: 0
72:
  cam_K: [1075.65091572, 0.0, 375.06888344, 0.0, 1073.90347929, 269.72159802, 0.0, 0.0, 1.0]
  cam_R_w2c: [-0.00914618, -0.999925, 0.00809076, -0.892037, 0.00450253, -0.45194, 0.45187, -0.0113508, -0.892012]
  cam_t_w2c: [-11.1825, 11.6271, 786.82]
  depth_scale: 0.1
  elev: 65
  mode: 0
73:
  cam_K: [1075.65091572, 0.0, 376.06888344, 0.0, 1073.90347929, 269.72159802, 0.0, 0.0, 1.0]
  cam_R_w2c: [0.0714003, -0.997416, 0.00790511, -0.889465, -0.0672552, -0.452027, 0.45139, 0.0252435, -0.891969]
  cam_t_w2c: [-11.4922, 11.5046, 786.991]
  depth_scale: 0.1
  elev: 65
  mode: 0
74:
  cam_K: [1075.65091572, 0.0, 376.06888344, 0.0, 1073.90347929, 269.72159802, 0.0, 0.0, 1.0]
  cam_R_w2c: [0.164111, -0.986414, 0.00748324, -0.87934, -0.149726, -0.452044, 0.447023, 0.067605, -0.891964]
  cam_t_w2c: [-11.8444, 11.3773, 787.05]
  depth_scale: 0.1
  elev: 65
  mode: 0
75:
  cam_K: [1075.65091572, 0.0, 377.06888344, 0.0, 1073.90347929, 269.72159802, 0.0, 0.0, 1.0]
  cam_R_w2c: [0.249212, -0.968422, 0.00720826, -0.863002, -0.225448, -0.452107, 0.439456, 0.10645, -0.891934]
  cam_t_w2c: [-12.153, 11.2337, 787.138]
  depth_scale: 0.1
  elev: 65
  mode: 0
76:
  cam_K: [1075.65091572, 0.0, 377.06888344, 0.0, 1073.90347929, 270.72159802, 0.0, 0.0, 1.0]
  cam_R_w2c: [0.332547, -0.943063, 0.00676436, -0.84008, -0.299477, -0.452305, 0.428578, 0.14473, -0.891838]
  cam_t_w2c: [-12.4444, 11.0536, 787.225]
  depth_scale: 0.1
  elev: 65
  mode: 0
77:
  cam_K: [1075.65091572, 0.0, 377.06888344, 0.0, 1073.90347929, 270.72159802, 0.0, 0.0, 1.0]
  cam_R_w2c: [0.407611, -0.913131, 0.00665848, -0.813034, -0.366229, -0.452606, 0.415728, 0.179074, -0.891686]
  cam_t_w2c: [-12.6874, 10.8466, 787.33]
  depth_scale: 0.1
  elev: 65
  mode: 0
78:
  cam_K: [1075.65091572, 0.0, 378.06888344, 0.0, 1073.90347929, 270.72159802, 0.0, 0.0, 1.0]
  cam_R_w2c: [0.485638, -0.874135, 0.00654253, -0.778008, -0.435622, -0.4527, 0.398571, 0.214758, -0.891639]
  cam_t_w2c: [-12.9211, 10.6402, 787.354]
  depth_scale: 0.1
  elev: 65
  mode: 0
79:
  cam_K: [1075.65091572, 0.0, 378.06888344, 0.0, 1073.90347929, 270.72159802, 0.0, 0.0, 1.0]
  cam_R_w2c: [0.565043, -0.825038, 0.00625642, -0.733928, -0.50608, -0.453026, 0.37693, 0.251388, -0.891475]
  cam_t_w2c: [-13.1929, 10.3804, 787.444]
  depth_scale: 0.1
  elev: 65
  mode: 0
80:
  cam_K: [1075.65091572, 0.0, 378.06888344, 0.0, 1073.90347929, 271.72159802, 0.0, 0.0, 1.0]
  cam_R_w2c: [0.630249, -0.776369, 0.00614263, -0.690197, -0.563884, -0.453502, 0.355548, 0.281579, -0.891234]
  cam_t_w2c: [-13.3768, 10.1265, 787.476]
  depth_scale: 0.1
  elev: 65
  mode: 0
81:
  cam_K: [1075.65091572, 0.0, 379.06888344, 0.0, 1073.90347929, 271.72159802, 0.0, 0.0, 1.0]
  cam_R_w2c: [0.699886, -0.714227, 0.00624979, -0.634491, -0.625721, -0.453755, 0.327995, 0.313612, -0.891104]
  cam_t_w2c: [-13.5534, 9.84637, 787.518]
  depth_scale: 0.1
  elev: 65
  mode: 0
82:
  cam_K: [1075.65091572, 0.0, 379.06888344, 0.0, 1073.90347929, 272.72159802, 0.0, 0.0, 1.0]
  cam_R_w2c: [0.755711, -0.654875, 0.00625688, -0.581311, -0.675158, -0.454136, 0.301627, 0.339558, -0.890911]
  cam_t_w2c: [-13.6868, 9.58112, 787.594]
  depth_scale: 0.1
  elev: 65
  mode: 0
83:
  cam_K: [1075.65091572, 0.0, 379.06888344, 0.0, 1073.90347929, 272.72159802, 0.0, 0.0, 1.0]
  cam_R_w2c: [0.81355, -0.581464, 0.00599917, -0.515704, -0.726232, -0.454572, 0.268674, 0.366723, -0.89069]
  cam_t_w2c: [-13.8674, 9.27482, 787.646]
  depth_scale: 0.1
  elev: 65
  mode: 0
84:
  cam_K: [1075.65091572, 0.0, 379.06888344, 0.0, 1073.90347929, 272.72159802, 0.0, 0.0, 1.0]
  cam_R_w2c: [0.858197, -0.513284, 0.00607978, -0.454698, -0.765633, -0.455034, 0.238217, 0.387745, -0.890453]
  cam_t_w2c: [-13.9585, 8.98211, 787.742]
  depth_scale: 0.1
  elev: 65
  mode: 0
85:
  cam_K: [1075.65091572, 0.0, 379.06888344, 0.0, 1073.90347929, 273.72159802, 0.0, 0.0, 1.0]
  cam_R_w2c: [0.902334, -0.430992, 0.0063381, -0.381126, -0.804628, -0.455321, 0.201339, 0.408435, -0.890305]
  cam_t_w2c: [-14.0015, 8.66219, 787.859]
  depth_scale: 0.1
  elev: 65
  mode: 0
86:
  cam_K: [1075.65091572, 0.0, 379.06888344, 0.0, 1073.90347929, 273.72159802, 0.0, 0.0, 1.0]
  cam_R_w2c: [0.936588, -0.350378, 0.00610551, -0.309256, -0.834609, -0.455838, 0.164811, 0.425044, -0.890042]
  cam_t_w2c: [-14.0928, 8.33864, 787.936]
  depth_scale: 0.1
  elev: 65
  mode: 0
87:
  cam_K: [1075.65091572, 0.0, 379.06888344, 0.0, 1073.90347929, 274.72159802, 0.0, 0.0, 1.0]
  cam_R_w2c: [0.963631, -0.26716, 0.00639022, -0.234943, -0.858337, -0.456134, 0.127346, 0.438044, -0.889888]
  cam_t_w2c: [-14.0694, 8.01544, 788.062]
  depth_scale: 0.1
  elev: 65
  mode: 0
88:
  cam_K: [1075.65091572, 0.0, 379.06888344, 0.0, 1073.90347929, 274.72159802, 0.0, 0.0, 1.0]
  cam_R_w2c: [0.982125, -0.18812, 0.00639625, -0.164515, -0.87441, -0.456444, 0.0914593, 0.447233, -0.889729]
  cam_t_w2c: [-14.0866, 7.70941, 788.175]
  depth_scale: 0.1
  elev: 65
  mode: 0
89:
  cam_K: [1075.65091572, 0.0, 379.06888344, 0.0, 1073.90347929, 275.72159802, 0.0, 0.0, 1.0]
  cam_R_w2c: [0.994782, -0.101807, 0.00664916, -0.0875604, -0.885393, -0.456523, 0.0523643, 0.453559, -0.889687]
  cam_t_w2c: [-14.0237, 7.42369, 788.303]
  depth_scale: 0.1
  elev: 65
  mode: 0
90:
  cam_K: [1075.65091572, 0.0, 379.06888344, 0.0, 1073.90347929, 275.72159802, 0.0, 0.0, 1.0]
  cam_R_w2c: [0.999945, -0.00801336, 0.00680671, -0.00401713, -0.889459, -0.456997, 0.00971637, 0.456944, -0.889442]
  cam_t_w2c: [-13.9431, 7.04684, 788.46]
  depth_scale: 0.1
  elev: 65
  mode: 0
91:
  cam_K: [1075.65091572, 0.0, 379.06888344, 0.0, 1073.90347929, 276.72159802, 0.0, 0.0, 1.0]
  cam_R_w2c: [0.99733, 0.0726648, 0.00725823, 0.067935, -0.88674, -0.457249, -0.0267898, 0.456521, -0.889309]
  cam_t_w2c: [-13.7688, 6.77026, 788.587]
  depth_scale: 0.1
  elev: 65
  mode: 0
92:
  cam_K: [1075.65091572, 0.0, 379.06888344, 0.0, 1073.90347929, 276.72159802, 0.0, 0.0, 1.0]
  cam_R_w2c: [0.986206, 0.165348, 0.00759992, 0.150475, -0.876475, -0.457327, -0.068957, 0.452162, -0.889266]
  cam_t_w2c: [-13.6038, 6.46562, 788.76]
  depth_scale: 0.1
  elev: 65
  mode: 0
93:
  cam_K: [1075.65091572, 0.0, 379.06888344, 0.0, 1073.90347929, 276.72159802, 0.0, 0.0, 1.0]
  cam_R_w2c: [0.968001, 0.250815, 0.00806722, 0.226617, -0.859898, -0.457405, -0.107787, 0.444597, -0.889222]
  cam_t_w2c: [-13.3995, 6.20884, 788.908]
  depth_scale: 0.1
  elev: 65
  mode: 0
94:
  cam_K: [1075.65091572, 0.0, 378.06888344, 0.0, 1073.90347929, 277.72159802, 0.0, 0.0, 1.0]
  cam_R_w2c: [0.942474, 0.334171, 0.00851126, 0.300867, -0.836899, -0.457251, -0.145677, 0.433508, -0.889297]
  cam_t_w2c: [-13.1729, 5.98386, 789.057]
  depth_scale: 0.1
  elev: 65
  mode: 0
95:
  cam_K: [1075.65091572, 0.0, 378.06888344, 0.0, 1073.90347929, 277.72159802, 0.0, 0.0, 1.0]
  cam_R_w2c: [0.909711, 0.415144, 0.00897726, 0.37296, -0.807386, -0.457197, -0.182554, 0.419266, -0.88932]
  cam_t_w2c: [-12.9279, 5.75865, 789.206]
  depth_scale: 0.1
  elev: 65
  mode: 0
96:
  cam_K: [1075.65091572, 0.0, 378.06888344, 0.0, 1073.90347929, 277.72159802, 0.0, 0.0, 1.0]
  cam_R_w2c: [0.8732, 0.487273, 0.00935346, 0.437127, -0.774563, -0.457135, -0.215505, 0.403259, -0.889348]
  cam_t_w2c: [-12.6962, 5.56356, 789.321]
  depth_scale: 0.1
  elev: 65
  mode: 0
97:
  cam_K: [1075.65091572, 0.0, 377.06888344, 0.0, 1073.90347929, 278.72159802, 0.0, 0.0, 1.0]
  cam_R_w2c: [0.827261, 0.561734, 0.00971745, 0.50336, -0.733389, -0.456912, -0.249537, 0.382877, -0.889459]
  cam_t_w2c: [-12.4252, 5.38821, 789.447]
  depth_scale: 0.1
  elev: 65
  mode: 0
98:
  cam_K: [1075.65091572, 0.0, 377.06888344, 0.0, 1073.90347929, 278.72159802, 0.0, 0.0, 1.0]
  cam_R_w2c: [0.775083, 0.631781, 0.0100148, 0.565592, -0.686641, -0.456761, -0.281696, 0.359692, -0.889533]
  cam_t_w2c: [-12.1383, 5.24764, 789.537]
  depth_scale: 0.1
  elev: 65
  mode: 0
99:
  cam_K: [1075.65091572, 0.0, 376.06888344, 0.0, 1073.90347929, 278.72159802, 0.0, 0.0, 1.0]
  cam_R_w2c: [0.717052, 0.696941, 0.0104968, 0.623523, -0.634639, -0.456566, -0.311538, 0.333926, -0.889628]
  cam_t_w2c: [-11.815, 5.09601, 789.689]
  depth_scale: 0.1
  elev: 65
  mode: 0
100:
  cam_K: [1075.65091572, 0.0, 376.06888344, 0.0, 1073.90347929, 278.72159802, 0.0, 0.0, 1.0]
  cam_R_w2c: [0.653468, 0.756878, 0.0106975, 0.67674, -0.57783, -0.456219, -0.339121, 0.305364, -0.889803]
  cam_t_w2c: [-11.5097, 5.00479, 789.802]
  depth_scale: 0.1
  elev: 65
  mode: 0
101:
  cam_K: [1075.65091572, 0.0, 375.06888344, 0.0, 1073.90347929, 278.72159802, 0.0, 0.0, 1.0]
  cam_R_w2c: [0.584881, 0.811048, 0.0107729, 0.72473, -0.516577, -0.455977, -0.364254, 0.274499, -0.889927]
  cam_t_w2c: [-11.2162, 4.92415, 789.914]
  depth_scale: 0.1
  elev: 65
  mode: 0
102:
  cam_K: [1075.65091572, 0.0, 375.06888344, 0.0, 1073.90347929, 278.72159802, 0.0, 0.0, 1.0]
  cam_R_w2c: [0.511899, 0.858975, 0.0109863, 0.767229, -0.451396, -0.455633, -0.386418, 0.241667, -0.8901]
  cam_t_w2c: [-10.879, 4.87837, 790.008]
  depth_scale: 0.1
  elev: 65
  mode: 0
103:
  cam_K: [1075.65091572, 0.0, 375.06888344, 0.0, 1073.90347929, 278.72159802, 0.0, 0.0, 1.0]
  cam_R_w2c: [0.435048, 0.900339, 0.0111226, 0.803825, -0.382787, -0.455345, -0.405707, 0.207037, -0.890245]
  cam_t_w2c: [-10.5478, 4.84142, 790.124]
  depth_scale: 0.1
  elev: 65
  mode: 0
104:
  cam_K: [1075.65091572, 0.0, 374.06888344, 0.0, 1073.90347929, 278.72159802, 0.0, 0.0, 1.0]
  cam_R_w2c: [0.354797, 0.934878, 0.0110163, 0.834314, -0.31127, -0.455007, -0.421947, 0.170626, -0.89042]
  cam_t_w2c: [-10.2479, 4.85917, 790.18]
  depth_scale: 0.1
  elev: 65
  mode: 0
105:
  cam_K: [1075.65091572, 0.0, 374.06888344, 0.0, 1073.90347929, 278.72159802, 0.0, 0.0, 1.0]
  cam_R_w2c: [0.271838, 0.962281, 0.0109529, 0.858469, -0.237337, -0.454646, -0.434897, 0.132993, -0.890605]
  cam_t_w2c: [-9.92221, 4.8704, 790.246]
  depth_scale: 0.1
  elev: 65
  mode: 0
106:
  cam_K: [1075.65091572, 0.0, 373.06888344, 0.0, 1073.90347929, 278.72159802, 0.0, 0.0, 1.0]
  cam_R_w2c: [0.180506, 0.983515, 0.0107288, 0.877103, -0.156021, -0.454255, -0.445093, 0.0914062, -0.890807]
  cam_t_w2c: [-9.59917, 4.92159, 790.307]
  depth_scale: 0.1
  elev: 65
  mode: 0
107:
  cam_K: [1075.65091572, 0.0, 373.06888344, 0.0, 1073.90347929, 278.72159802, 0.0, 0.0, 1.0]
  cam_R_w2c: [0.100337, 0.994898, 0.0105437, 0.886989, -0.0846429, -0.453966, -0.450758, 0.0549016, -0.890956]
  cam_t_w2c: [-9.32241, 4.98651, 790.298]
  depth_scale: 0.1
  elev: 65
  mode: 0
108:
  cam_K: [1075.65091572, 0.0, 372.06888344, 0.0, 1073.90347929, 278.72159802, 0.0, 0.0, 1.0]
  cam_R_w2c: [0.0130328, 0.999863, 0.0101965, 0.89109, -0.00698747, -0.453774, -0.45364, 0.0149999, -0.891059]
  cam_t_w2c: [-9.03276, 5.05062, 790.286]
  depth_scale: 0.1
  elev: 65
  mode: 0
109:
  cam_K: [1075.65091572, 0.0, 372.06888344, 0.0, 1073.90347929, 278.72159802, 0.0, 0.0, 1.0]
  cam_R_w2c: [-0.0740806, 0.997202, 0.0099641, 0.888436, 0.0705324, -0.453549, -0.452983, -0.0247467, -0.891176]
  cam_t_w2c: [-8.75121, 5.13083, 790.341]
  depth_scale: 0.1
  elev: 65
  mode: 0
110:
  cam_K: [1075.65091572, 0.0, 372.06888344, 0.0, 1073.90347929, 278.72159802, 0.0, 0.0, 1.0]
  cam_R_w2c: [-0.160695, 0.986955, 0.00986152, 0.878994, 0.147647, -0.453398, -0.448939, -0.0641905, -0.891254]
  cam_t_w2c: [-8.46058, 5.24625, 790.337]
  depth_scale: 0.1
  elev: 65
  mode: 0
111:
  cam_K: [1075.65091572, 0.0, 371.06888344, 0.0, 1073.90347929, 278.72159802, 0.0, 0.0, 1.0]
  cam_R_w2c: [-0.246143, 0.969186, 0.00955427, 0.862841, 0.223604, -0.453328, -0.441496, -0.10334, -0.891292]
  cam_t_w2c: [-8.1869, 5.36366, 790.332]
  depth_scale: 0.1
  elev: 65
  mode: 0
112:
  cam_K: [1075.65091572, 0.0, 371.06888344, 0.0, 1073.90347929, 278.72159802, 0.0, 0.0, 1.0]
  cam_R_w2c: [-0.329773, 0.944014, 0.0093407, 0.840085, 0.297953, -0.453301, -0.430706, -0.14164, -0.891309]
  cam_t_w2c: [-7.93109, 5.51418, 790.267]
  depth_scale: 0.1
  elev: 65
  mode: 0
113:
  cam_K: [1075.65091572, 0.0, 371.06888344, 0.0, 1073.90347929, 277.72159802, 0.0, 0.0, 1.0]
  cam_R_w2c: [-0.410902, 0.911634, 0.00911505, 0.81097, 0.370061, -0.453191, -0.416517, -0.178825, -0.891367]
  cam_t_w2c: [-7.67049, 5.69556, 790.22]
  depth_scale: 0.1
  elev: 65
  mode: 0
114:
  cam_K: [1075.65091572, 0.0, 370.06888344, 0.0, 1073.90347929, 277.72159802, 0.0, 0.0, 1.0]
  cam_R_w2c: [-0.488922, 0.872282, 0.00890679, 0.775559, 0.439336, -0.453313, -0.39933, -0.214727, -0.891307]
  cam_t_w2c: [-7.44961, 5.87489, 790.095]
  depth_scale: 0.1
  elev: 65
  mode: 0
115:
  cam_K: [1075.65091572, 0.0, 370.06888344, 0.0, 1073.90347929, 277.72159802, 0.0, 0.0, 1.0]
  cam_R_w2c: [-0.563294, 0.826211, 0.00864821, 0.734249, 0.505341, -0.453332, -0.378918, -0.249009, -0.8913]
  cam_t_w2c: [-7.24093, 6.10481, 789.925]
  depth_scale: 0.1
  elev: 65
  mode: 0
116:
  cam_K: [1075.65091572, 0.0, 370.06888344, 0.0, 1073.90347929, 276.72159802, 0.0, 0.0, 1.0]
  cam_R_w2c: [-0.63329, 0.773868, 0.00852043, 0.687284, 0.567427, -0.453505, -0.355788, -0.281344, -0.891213]
  cam_t_w2c: [-7.04955, 6.3191, 789.784]
  depth_scale: 0.1
  elev: 65
  mode: 0
117:
  cam_K: [1075.65091572, 0.0, 369.06888344, 0.0, 1073.90347929, 276.72159802, 0.0, 0.0, 1.0]
  cam_R_w2c: [-0.69838, 0.715676, 0.00854543, 0.635061, 0.625132, -0.453771, -0.330095, -0.311478, -0.891077]
  cam_t_w2c: [-6.88244, 6.54046, 789.594]
  depth_scale: 0.1
  elev: 65
  mode: 0
118:
  cam_K: [1075.65091572, 0.0, 369.06888344, 0.0, 1073.90347929, 276.72159802, 0.0, 0.0, 1.0]
  cam_R_w2c: [-0.758191, 0.651977, 0.0084991, 0.578029, 0.678113, -0.453922, -0.30171, -0.339247, -0.891001]
  cam_t_w2c: [-6.72774, 6.7949, 789.411]
  depth_scale: 0.1
  elev: 65
  mode: 0
119:
  cam_K: [1075.65091572, 0.0, 369.06888344, 0.0, 1073.90347929, 275.72159802, 0.0, 0.0, 1.0]
  cam_R_w2c: [-0.812215, 0.583299, 0.00828435, 0.516646, 0.725853, -0.454109, -0.270894, -0.364554, -0.890908]
  cam_t_w2c: [-6.6308, 7.05969, 789.203]
  depth_scale: 0.1
  elev: 65
  mode: 0
120:
  cam_K: [1075.65091572, 0.0, 369.06888344, 0.0, 1073.90347929, 275.72159802, 0.0, 0.0, 1.0]
  cam_R_w2c: [-0.859964, 0.51029, 0.00813479, 0.451411, 0.767982, -0.454348, -0.238097, -0.387051, -0.890787]
  cam_t_w2c: [-6.55312, 7.32162, 789.0]
  depth_scale: 0.1
  elev: 65
  mode: 0
121:
  cam_K: [1075.65091572, 0.0, 369.06888344, 0.0, 1073.90347929, 275.72159802, 0.0, 0.0, 1.0]
  cam_R_w2c: [-0.901156, 0.433415, 0.00827298, 0.38268, 0.804345, -0.454516, -0.203649, -0.406424, -0.8907]
  cam_t_w2c: [-6.45455, 7.60679, 788.778]
  depth_scale: 0.1
  elev: 65
  mode: 0
122:
  cam_K: [1075.65091572, 0.0, 369.06888344, 0.0, 1073.90347929, 274.72159802, 0.0, 0.0, 1.0]
  cam_R_w2c: [-0.935532, 0.353149, 0.00805777, 0.311083, 0.834474, -0.45484, -0.16735, -0.423011, -0.890537]
  cam_t_w2c: [-6.46959, 7.87805, 788.569]
  depth_scale: 0.1
  elev: 65
  mode: 0
123:
  cam_K: [1075.65091572, 0.0, 369.06888344, 0.0, 1073.90347929, 274.72159802, 0.0, 0.0, 1.0]
  cam_R_w2c: [-0.962735, 0.270329, 0.00792965, 0.237246, 0.858263, -0.455081, -0.129827, -0.436241, -0.890415]
  cam_t_w2c: [-6.47764, 8.1554, 788.315]
  depth_scale: 0.1
  elev: 65
  mode: 0
124:
  cam_K: [1075.65091572, 0.0, 369.06888344, 0.0, 1073.90347929, 274.72159802, 0.0, 0.0, 1.0]
  cam_R_w2c: [-0.982624, 0.185432, 0.00809011, 0.161475, 0.875538, -0.455367, -0.0915229, -0.446148, -0.890267]
  cam_t_w2c: [-6.47017, 8.41097, 788.105]
  depth_scale: 0.1
  elev: 65
  mode: 0
125:
  cam_K: [1075.65091572, 0.0, 369.06888344, 0.0, 1073.90347929, 273.72159802, 0.0, 0.0, 1.0]
  cam_R_w2c: [-0.995016, 0.0993703, 0.00827248, 0.084721, 0.886242, -0.455409, -0.0525856, -0.452439, -0.890244]
  cam_t_w2c: [-6.49982, 8.70327, 787.897]
  depth_scale: 0.1
  elev: 65
  mode: 0
126:
  cam_K: [1075.65091572, 0.0, 369.06888344, 0.0, 1073.90347929, 273.72159802, 0.0, 0.0, 1.0]
  cam_R_w2c: [-0.999891, 0.0122615, 0.0082443, 0.00715585, 0.890035, -0.455837, -0.0129269, -0.455728, -0.890025]
  cam_t_w2c: [-6.59348, 8.93091, 787.71]
  depth_scale: 0.1
  elev: 65
  mode: 0
127:
  cam_K: [1075.65091572, 0.0, 369.06888344, 0.0, 1073.90347929, 273.72159802, 0.0, 0.0, 1.0]
  cam_R_w2c: [-0.997174, -0.0746123, 0.00874656, -0.070384, 0.887213, -0.455959, 0.0262601, -0.455286, -0.889958]
  cam_t_w2c: [-6.6169, 9.18603, 787.519]
  depth_scale: 0.1
  elev: 65
  mode: 0
128:
  cam_K: [1075.65091572, 0.0, 369.06888344, 0.0, 1073.90347929, 272.72159802, 0.0, 0.0, 1.0]
  cam_R_w2c: [-0.986901, -0.16107, 0.00909964, -0.147455, 0.877723, -0.455915, 0.0654473, -0.451285, -0.889977]
  cam_t_w2c: [-6.70386, 9.46333, 787.356]
  depth_scale: 0.1
  elev: 65
  mode: 0
129:
  cam_K: [1075.65091572, 0.0, 369.06888344, 0.0, 1073.90347929, 272.72159802, 0.0, 0.0, 1.0]
  cam_R_w2c: [-0.969139, -0.246332, 0.0094516, -0.223433, 0.861557, -0.455848, 0.104147, -0.443892, -0.890007]
  cam_t_w2c: [-6.81626, 9.71848, 787.217]
  depth_scale: 0.1
  elev: 65
  mode: 0
130:
  cam_K: [1075.65091572, 0.0, 369.06888344, 0.0, 1073.90347929, 271.72159802, 0.0, 0.0, 1.0]
  cam_R_w2c: [-0.944104, -0.329505, 0.00970591, -0.297491, 0.838953, -0.455695, 0.142011, -0.433111, -0.890083]
  cam_t_w2c: [-6.96605, 9.99462, 787.099]
  depth_scale: 0.1
  elev: 65
  mode: 0
131:
  cam_K: [1075.65091572, 0.0, 369.06888344, 0.0, 1073.90347929, 271.72159802, 0.0, 0.0, 1.0]
  cam_R_w2c: [-0.911888, -0.410316, 0.0100834, -0.369464, 0.809903, -0.455581, 0.178766, -0.419165, -0.890137]
  cam_t_w2c: [-7.13243, 10.2246, 786.978]
  depth_scale: 0.1
  elev: 65
  mode: 0
132:
  cam_K: [1075.65091572, 0.0, 370.06888344, 0.0, 1073.90347929, 271.72159802, 0.0, 0.0, 1.0]
  cam_R_w2c: [-0.872754, -0.48805, 0.0103733, -0.438651, 0.774736, -0.455379, 0.214211, -0.401984, -0.890237]
  cam_t_w2c: [-7.3315, 10.4672, 786.869]
  depth_scale: 0.1
  elev: 65
  mode: 0
133:
  cam_K: [1075.65091572, 0.0, 370.06888344, 0.0, 1073.90347929, 270.72159802, 0.0, 0.0, 1.0]
  cam_R_w2c: [-0.827046, -0.562033, 0.0107102, -0.504519, 0.733741, -0.455066, 0.247903, -0.381764, -0.890393]
  cam_t_w2c: [-7.54056, 10.6848, 786.798]
  depth_scale: 0.1
  elev: 65
  mode: 0
134:
  cam_K: [1075.65091572, 0.0, 370.06888344, 0.0, 1073.90347929, 270.72159802, 0.0, 0.0, 1.0]
  cam_R_w2c: [-0.775039, -0.63182, 0.0108599, -0.566542, 0.687146, -0.45482, 0.279902, -0.358656, -0.890517]
  cam_t_w2c: [-7.79295, 10.8791, 786.746]
  depth_scale: 0.1
  elev: 65
  mode: 0
135:
  cam_K: [1075.65091572, 0.0, 371.06888344, 0.0, 1073.90347929, 270.72159802, 0.0, 0.0, 1.0]
  cam_R_w2c: [-0.717159, -0.696821, 0.0111304, -0.624368, 0.635333, -0.454442, 0.309593, -0.332856, -0.890707]
  cam_t_w2c: [-8.03968, 11.0666, 786.699]
  depth_scale: 0.1
  elev: 65
  mode: 0
136:
  cam_K: [1075.65091572, 0.0, 371.06888344, 0.0, 1073.90347929, 270.72159802, 0.0, 0.0, 1.0]
  cam_R_w2c: [-0.653763, -0.756618, 0.0111034, -0.677461, 0.578705, -0.454034, 0.337105, -0.304353, -0.890915]
  cam_t_w2c: [-8.32897, 11.2522, 786.657]
  depth_scale: 0.1
  elev: 65
  mode: 0
137:
  cam_K: [1075.65091572, 0.0, 371.06888344, 0.0, 1073.90347929, 269.72159802, 0.0, 0.0, 1.0]
  cam_R_w2c: [-0.585382, -0.810681, 0.011107, -0.725431, 0.517608, -0.453688, 0.362047, -0.273638, -0.891092]
  cam_t_w2c: [-8.63455, 11.3849, 786.663]
  depth_scale: 0.1
  elev: 65
  mode: 0
138:
  cam_K: [1075.65091572, 0.0, 372.06888344, 0.0, 1073.90347929, 269.72159802, 0.0, 0.0, 1.0]
